1273687347948994; ACC; 3.294421; 2.375048; 7.738060; 0.000000; 0.000000; 0.000000
1273687347948994; GYRO; 0.000000; 0.000000; 0.000000; 0.000000; 0.000000; 0.000000
1273687367939619; ACC; 2.796427; 2.758120; 8.159439; 0.000000; 0.000000; 0.000000
1273687367939619; GYRO; 0.006109; 0.010036; 0.004730; 0.000000; 0.000000; 0.000000
1273687387930244; ACC; 2.643199; 2.566584; 7.508216; 0.000000; 0.000000; 0.000000
1273687387930244; GYRO; 0.010297; 0.015533; 0.008779; 0.000000; 0.000000; 0.000000
1273687407952119; ACC; 2.911349; 2.260126; 5.669470; 0.000000; 0.000000; 0.000000
1273687407952119; GYRO; 0.015656; 0.012147; 0.009076; 0.000000; 0.000000; 0.000000
1273687427942744; ACC; 3.754108; 1.915361; 4.826711; 0.000000; 0.000000; 0.000000
1273687427942744; GYRO; 0.117251; -0.174585; -0.070319; 0.000000; 0.000000; 0.000000
1273687447934932; ACC; 3.677494; 1.723825; 6.090849; 0.000000; 0.000000; 0.000000
1273687447934932; GYRO; 0.041260; -0.250612; -0.097791; 0.000000; 0.000000; 0.000000
1273687467956807; ACC; 3.026271; 1.762132; 8.159439; 0.000000; 0.000000; 0.000000
1273687467956807; GYRO; 0.018378; -0.201254; -0.069098; 0.000000; 0.000000; 0.000000
1273687487947432; ACC; 1.991976; 2.106898; 8.734048; 0.000000; 0.000000; 0.000000
1273687487947432; GYRO; 0.005358; -0.142750; -0.036303; 0.000000; 0.000000; 0.000000
1273687507938057; ACC; 1.570596; 2.604892; 7.699753; 0.000000; 0.000000; 0.000000
1273687507938057; GYRO; 0.013038; -0.026232; 0.023876; 0.000000; 0.000000; 0.000000
1273687527930244; ACC; 1.647211; 2.643199; 6.856994; 0.000000; 0.000000; 0.000000
1273687527930244; GYRO; 0.024662; 0.027489; 0.045658; 0.000000; 0.000000; 0.000000
1273687547952119; ACC; 1.685518; 2.604892; 6.703765; 0.000000; 0.000000; 0.000000
1273687547952119; GYRO; 0.043022; 0.085835; 0.072431; 0.000000; 0.000000; 0.000000
1273687567942744; ACC; 1.762132; 2.451663; 7.278373; 0.000000; 0.000000; 0.000000
1273687567942744; GYRO; 0.057544; 0.158790; 0.095504; 0.000000; 0.000000; 0.000000
1273687587933369; ACC; 1.915361; 2.413355; 7.584831; 0.000000; 0.000000; 0.000000
1273687587933369; GYRO; 0.066235; 0.240506; 0.118403; 0.000000; 0.000000; 0.000000
1273687607955244; ACC; 2.068590; 2.643199; 7.354988; 0.000000; 0.000000; 0.000000
1273687607955244; GYRO; 0.065083; 0.303583; 0.123325; 0.000000; 0.000000; 0.000000
1273687627945869; ACC; 1.953669; 2.719813; 7.623138; 0.000000; 0.000000; 0.000000
1273687627945869; GYRO; 0.064455; 0.331752; 0.111020; 0.000000; 0.000000; 0.000000
1273687647936494; ACC; 1.991976; 2.834735; 7.891289; 0.000000; 0.000000; 0.000000
1273687647936494; GYRO; 0.070040; 0.337704; 0.098559; 0.000000; 0.000000; 0.000000
1273687667928682; ACC; 1.800440; 2.719813; 8.236053; 0.000000; 0.000000; 0.000000
1273687667928682; GYRO; 0.079500; 0.340688; 0.093829; 0.000000; 0.000000; 0.000000
1273687687950557; ACC; 1.570596; 2.758120; 8.274361; 0.000000; 0.000000; 0.000000
1273687687950557; GYRO; 0.086464; 0.343655; 0.086882; 0.000000; 0.000000; 0.000000
1273687707941182; ACC; 1.187524; 2.873042; 8.427590; 0.000000; 0.000000; 0.000000
1273687707941182; GYRO; 0.094527; 0.355087; 0.090234; 0.000000; 0.000000; 0.000000
1273687727931807; ACC; 1.340753; 3.294421; 8.197746; 0.000000; 0.000000; 0.000000
1273687727931807; GYRO; 0.106605; 0.362435; 0.093724; 0.000000; 0.000000; 0.000000
1273687747955244; ACC; 1.532289; 3.562572; 7.852982; 0.000000; 0.000000; 0.000000
1273687747955244; GYRO; 0.120271; 0.356972; 0.081228; 0.000000; 0.000000; 0.000000
1273687767945869; ACC; 1.647211; 3.677494; 7.661446; 0.000000; 0.000000; 0.000000
1273687767945869; GYRO; 0.140290; 0.347670; 0.076184; 0.000000; 0.000000; 0.000000
1273687787936494; ACC; 1.493982; 3.600879; 8.274361; 0.000000; 0.000000; 0.000000
1273687787936494; GYRO; 0.153205; 0.338018; 0.068347; 0.000000; 0.000000; 0.000000
1273687807927119; ACC; 1.570596; 3.256114; 8.504205; 0.000000; 0.000000; 0.000000
1273687807927119; GYRO; 0.155526; 0.329448; 0.063792; 0.000000; 0.000000; 0.000000
1273687827948994; ACC; 1.915361; 3.371036; 8.465898; 0.000000; 0.000000; 0.000000
1273687827948994; GYRO; 0.153798; 0.317039; 0.059603; 0.000000; 0.000000; 0.000000
1273687847939619; ACC; 1.877054; 3.409343; 8.810662; 0.000000; 0.000000; 0.000000
1273687847939619; GYRO; 0.151128; 0.305712; 0.061959; 0.000000; 0.000000; 0.000000
1273687867931807; ACC; 1.723825; 3.179500; 9.921572; 0.000000; 0.000000; 0.000000
1273687867931807; GYRO; 0.138195; 0.295624; 0.058887; 0.000000; 0.000000; 0.000000
1273687887953682; ACC; 1.685518; 2.681506; 10.457873; 0.000000; 0.000000; 0.000000
1273687887953682; GYRO; 0.113708; 0.286810; 0.052604; 0.000000; 0.000000; 0.000000
1273687907944307; ACC; 1.340753; 2.604892; 10.917560; 0.000000; 0.000000; 0.000000
1273687907944307; GYRO; 0.086446; 0.284855; 0.053791; 0.000000; 0.000000; 0.000000
1273687927934932; ACC; 0.995988; 2.987964; 11.070788; 0.000000; 0.000000; 0.000000
1273687927934932; GYRO; 0.062204; 0.288067; 0.058277; 0.000000; 0.000000; 0.000000
1273687947927119; ACC; 0.612916; 3.294421; 11.147403; 0.000000; 0.000000; 0.000000
1273687947927119; GYRO; 0.042900; 0.294158; 0.062518; 0.000000; 0.000000; 0.000000
1273687967948994; ACC; 0.421380; 3.562572; 11.185710; 0.000000; 0.000000; 0.000000
1273687967948994; GYRO; 0.028152; 0.300441; 0.062326; 0.000000; 0.000000; 0.000000
1273687987939619; ACC; -0.114922; 3.754108; 11.262324; 0.000000; 0.000000; 0.000000
1273687987939619; GYRO; 0.019513; 0.323008; 0.067195; 0.000000; 0.000000; 0.000000
1273688007930244; ACC; -0.459687; 3.447650; 11.683704; 0.000000; 0.000000; 0.000000
1273688007930244; GYRO; 0.013614; 0.356937; 0.076411; 0.000000; 0.000000; 0.000000
1273688027952119; ACC; -0.497994; 2.643199; 13.675680; 0.000000; 0.000000; 0.000000
1273688027952119; GYRO; -0.000628; 0.401705; 0.089361; 0.000000; 0.000000; 0.000000
1273688047944307; ACC; -0.421380; 1.647211; 15.131354; 0.000000; 0.000000; 0.000000
1273688047944307; GYRO; -0.021921; 0.453541; 0.103079; 0.000000; 0.000000; 0.000000
1273688067934932; ACC; -0.459687; 1.149217; 14.978126; 0.000000; 0.000000; 0.000000
1273688067934932; GYRO; -0.057596; 0.565748; 0.148405; 0.000000; 0.000000; 0.000000
1273688087925557; ACC; -0.536301; 0.995988; 12.296620; 0.000000; 0.000000; 0.000000
1273688087925557; GYRO; -0.085190; 0.602016; 0.153711; 0.000000; 0.000000; 0.000000
1273688107947432; ACC; -0.689530; 1.302446; 9.538500; 0.000000; 0.000000; 0.000000
1273688107947432; GYRO; -0.087668; 0.594878; 0.140656; 0.000000; 0.000000; 0.000000
1273688127938057; ACC; -0.957681; 1.915361; 7.852982; 0.000000; 0.000000; 0.000000
1273688127938057; GYRO; -0.079343; 0.590131; 0.134478; 0.000000; 0.000000; 0.000000
1273688147928682; ACC; -1.149217; 2.260126; 7.699753; 0.000000; 0.000000; 0.000000
1273688147928682; GYRO; -0.070023; 0.584022; 0.130341; 0.000000; 0.000000; 0.000000
1273688167952119; ACC; -1.493982; 2.221819; 8.350976; 0.000000; 0.000000; 0.000000
1273688167952119; GYRO; -0.063931; 0.583673; 0.134565; 0.000000; 0.000000; 0.000000
1273688187942744; ACC; -1.800440; 1.991976; 8.734048; 0.000000; 0.000000; 0.000000
1273688187942744; GYRO; -0.062535; 0.589031; 0.141215; 0.000000; 0.000000; 0.000000
1273688207933369; ACC; -1.877054; 1.800440; 8.465898; 0.000000; 0.000000; 0.000000
1273688207933369; GYRO; -0.062867; 0.599172; 0.151407; 0.000000; 0.000000; 0.000000
1273688227955244; ACC; -1.608904; 1.723825; 7.661446; 0.000000; 0.000000; 0.000000
1273688227955244; GYRO; -0.064403; 0.607846; 0.158406; 0.000000; 0.000000; 0.000000
1273688247945869; ACC; -1.379060; 1.685518; 7.201759; 0.000000; 0.000000; 0.000000
1273688247945869; GYRO; -0.068068; 0.614740; 0.168197; 0.000000; 0.000000; 0.000000
1273688267938057; ACC; -1.149217; 1.723825; 7.048530; 0.000000; 0.000000; 0.000000
1273688267938057; GYRO; -0.074770; 0.612506; 0.173084; 0.000000; 0.000000; 0.000000
1273688287928682; ACC; -0.727837; 1.723825; 6.550536; 0.000000; 0.000000; 0.000000
1273688287928682; GYRO; -0.084125; 0.600079; 0.170641; 0.000000; 0.000000; 0.000000
1273688307950557; ACC; -0.268151; 1.800440; 5.861006; 0.000000; 0.000000; 0.000000
1273688307950557; GYRO; -0.092729; 0.577966; 0.165894; 0.000000; 0.000000; 0.000000
1273688327941182; ACC; -0.038307; 1.838747; 5.592855; 0.000000; 0.000000; 0.000000
1273688327941182; GYRO; -0.100339; 0.549918; 0.161652; 0.000000; 0.000000; 0.000000
1273688347931807; ACC; -0.114922; 1.953669; 5.975927; 0.000000; 0.000000; 0.000000
1273688347931807; GYRO; -0.100915; 0.519759; 0.160692; 0.000000; 0.000000; 0.000000
1273688367955244; ACC; -0.421380; 2.106898; 6.244078; 0.000000; 0.000000; 0.000000
1273688367955244; GYRO; -0.096796; 0.494487; 0.161216; 0.000000; 0.000000; 0.000000
1273688387945869; ACC; -0.536301; 2.719813; 6.742072; 0.000000; 0.000000; 0.000000
1273688387945869; GYRO; -0.089256; 0.476545; 0.167272; 0.000000; 0.000000; 0.000000
1273688407936494; ACC; -0.727837; 3.026271; 7.278373; 0.000000; 0.000000; 0.000000
1273688407936494; GYRO; -0.082729; 0.466561; 0.177168; 0.000000; 0.000000; 0.000000
1273688427927119; ACC; -0.727837; 3.294421; 7.201759; 0.000000; 0.000000; 0.000000
1273688427927119; GYRO; -0.075067; 0.462024; 0.191393; 0.000000; 0.000000; 0.000000
1273688447948994; ACC; -0.344765; 2.987964; 7.508216; 0.000000; 0.000000; 0.000000
1273688447948994; GYRO; -0.068033; 0.458079; 0.201725; 0.000000; 0.000000; 0.000000
1273688467941182; ACC; -0.076614; 2.911349; 8.159439; 0.000000; 0.000000; 0.000000
1273688467941182; GYRO; -0.064612; 0.458236; 0.215618; 0.000000; 0.000000; 0.000000
1273688487931807; ACC; 0.229843; 2.911349; 8.848969; 0.000000; 0.000000; 0.000000
1273688487931807; GYRO; -0.064228; 0.457433; 0.225619; 0.000000; 0.000000; 0.000000
1273688507953682; ACC; 0.114922; 2.911349; 9.730036; 0.000000; 0.000000; 0.000000
1273688507953682; GYRO; -0.064193; 0.457870; 0.241309; 0.000000; 0.000000; 0.000000
1273688527945869; ACC; 0.229843; 3.141193; 10.342952; 0.000000; 0.000000; 0.000000
1273688527945869; GYRO; -0.061261; 0.458044; 0.265325; 0.000000; 0.000000; 0.000000
1273688547934932; ACC; 0.459687; 3.256114; 11.032481; 0.000000; 0.000000; 0.000000
1273688547934932; GYRO; -0.055955; 0.448846; 0.287944; 0.000000; 0.000000; 0.000000
1273688567927119; ACC; 0.612916; 2.949656; 11.109096; 0.000000; 0.000000; 0.000000
1273688567927119; GYRO; -0.051452; 0.429351; 0.309045; 0.000000; 0.000000; 0.000000
1273688587948994; ACC; 0.804452; 2.604892; 10.726024; 0.000000; 0.000000; 0.000000
1273688587948994; GYRO; -0.049026; 0.398511; 0.321333; 0.000000; 0.000000; 0.000000
1273688607939619; ACC; 0.919373; 2.949656; 10.304645; 0.000000; 0.000000; 0.000000
1273688607939619; GYRO; -0.048520; 0.368177; 0.342608; 0.000000; 0.000000; 0.000000
1273688627930244; ACC; 0.651223; 3.830723; 9.998186; 0.000000; 0.000000; 0.000000
1273688627930244; GYRO; -0.044995; 0.337093; 0.355419; 0.000000; 0.000000; 0.000000
1273688647952119; ACC; 0.421380; 4.481946; 9.998186; 0.000000; 0.000000; 0.000000
1273688647952119; GYRO; -0.035046; 0.309813; 0.367374; 0.000000; 0.000000; 0.000000
1273688667944307; ACC; 0.651223; 3.754108; 11.300632; 0.000000; 0.000000; 0.000000
1273688667944307; GYRO; -0.021293; 0.287718; 0.379574; 0.000000; 0.000000; 0.000000
1273688687934932; ACC; 1.264138; 2.145205; 13.330915; 0.000000; 0.000000; 0.000000
1273688687934932; GYRO; -0.009303; 0.275605; 0.397446; 0.000000; 0.000000; 0.000000
1273688707925557; ACC; 1.915361; 0.766145; 14.288596; 0.000000; 0.000000; 0.000000
1273688707925557; GYRO; -0.001169; 0.246022; 0.414673; 0.000000; 0.000000; 0.000000
1273688727947432; ACC; 2.375048; 0.268151; 12.947843; 0.000000; 0.000000; 0.000000
1273688727947432; GYRO; 0.002723; 0.178093; 0.402770; 0.000000; 0.000000; 0.000000
1273688747938057; ACC; 2.604892; 0.804452; 10.151415; 0.000000; 0.000000; 0.000000
1273688747938057; GYRO; 0.004259; 0.098035; 0.389924; 0.000000; 0.000000; 0.000000
1273688767930244; ACC; 2.183512; 1.379060; 7.546524; 0.000000; 0.000000; 0.000000
1273688767930244; GYRO; 0.005986; 0.021572; 0.370184; 0.000000; 0.000000; 0.000000
1273688787952119; ACC; 2.068590; 1.800440; 6.167464; 0.000000; 0.000000; 0.000000
1273688787952119; GYRO; 0.008587; -0.040335; 0.370638; 0.000000; 0.000000; 0.000000
1273688807942744; ACC; 1.877054; 1.685518; 6.320693; 0.000000; 0.000000; 0.000000
1273688807942744; GYRO; 0.012846; -0.095330; 0.368177; 0.000000; 0.000000; 0.000000
1273688827933369; ACC; 1.685518; 1.493982; 7.125144; 0.000000; 0.000000; 0.000000
1273688827933369; GYRO; 0.017436; -0.143204; 0.370202; 0.000000; 0.000000; 0.000000
1273688847956807; ACC; 1.647211; 1.340753; 7.584831; 0.000000; 0.000000; 0.000000
1273688847956807; GYRO; 0.018500; -0.184586; 0.371511; 0.000000; 0.000000; 0.000000
1273688867947432; ACC; 1.608904; 1.340753; 7.661446; 0.000000; 0.000000; 0.000000
1273688867947432; GYRO; 0.015621; -0.215915; 0.370446; 0.000000; 0.000000; 0.000000
1273688887938057; ACC; 1.647211; 1.379060; 7.469909; 0.000000; 0.000000; 0.000000
1273688887938057; GYRO; 0.010193; -0.240192; 0.365961; 0.000000; 0.000000; 0.000000
1273688907928682; ACC; 1.570596; 1.455675; 7.354988; 0.000000; 0.000000; 0.000000
1273688907928682; GYRO; 0.003875; -0.254696; 0.371162; 0.000000; 0.000000; 0.000000
1273688927950557; ACC; 1.723825; 1.570596; 7.278373; 0.000000; 0.000000; 0.000000
1273688927950557; GYRO; -0.002601; -0.263876; 0.372628; 0.000000; 0.000000; 0.000000
1273688947941182; ACC; 1.570596; 1.532289; 7.546524; 0.000000; 0.000000; 0.000000
1273688947941182; GYRO; -0.009390; -0.261869; 0.376921; 0.000000; 0.000000; 0.000000
1273688967933369; ACC; 1.379060; 1.570596; 7.852982; 0.000000; 0.000000; 0.000000
1273688967933369; GYRO; -0.013875; -0.249931; 0.387306; 0.000000; 0.000000; 0.000000
1273688987955244; ACC; 1.379060; 1.532289; 7.852982; 0.000000; 0.000000; 0.000000
1273688987955244; GYRO; -0.017349; -0.238726; 0.391024; 0.000000; 0.000000; 0.000000
1273689007945869; ACC; 1.455675; 1.685518; 7.546524; 0.000000; 0.000000; 0.000000
1273689007945869; GYRO; -0.023544; -0.228586; 0.399157; 0.000000; 0.000000; 0.000000
1273689027978682; ACC; 1.379060; 1.877054; 7.278373; 0.000000; 0.000000; 0.000000
1273689027978682; GYRO; -0.033441; -0.221308; 0.401356; 0.000000; 0.000000; 0.000000
1273689047927119; ACC; 1.187524; 2.336741; 7.584831; 0.000000; 0.000000; 0.000000
1273689047927119; GYRO; -0.043581; -0.219423; 0.388598; 0.000000; 0.000000; 0.000000
1273689067950557; ACC; 1.072602; 2.719813; 8.121132; 0.000000; 0.000000; 0.000000
1273689067950557; GYRO; -0.052220; -0.217538; 0.375211; 0.000000; 0.000000; 0.000000
1273689087941182; ACC; 1.072602; 2.796427; 8.848969; 0.000000; 0.000000; 0.000000
1273689087941182; GYRO; -0.058032; -0.211639; 0.364163; 0.000000; 0.000000; 0.000000
1273689107931807; ACC; 1.110910; 2.528277; 9.691729; 0.000000; 0.000000; 0.000000
1273689107931807; GYRO; -0.062814; -0.203488; 0.352382; 0.000000; 0.000000; 0.000000
1273689127953682; ACC; 1.072602; 2.030283; 10.304645; 0.000000; 0.000000; 0.000000
1273689127953682; GYRO; -0.069202; -0.193906; 0.338838; 0.000000; 0.000000; 0.000000
1273689147945869; ACC; 0.957681; 1.915361; 10.228029; 0.000000; 0.000000; 0.000000
1273689147945869; GYRO; -0.077231; -0.188059; 0.315800; 0.000000; 0.000000; 0.000000
1273689167934932; ACC; 0.727837; 1.991976; 10.381259; 0.000000; 0.000000; 0.000000
1273689167934932; GYRO; -0.087441; -0.180170; 0.294681; 0.000000; 0.000000; 0.000000
1273689187927119; ACC; 0.574608; 1.915361; 10.840945; 0.000000; 0.000000; 0.000000
1273689187927119; GYRO; -0.101892; -0.170850; 0.264784; 0.000000; 0.000000; 0.000000
1273689207948994; ACC; 0.344765; 1.647211; 11.415554; 0.000000; 0.000000; 0.000000
1273689207948994; GYRO; -0.118194; -0.157586; 0.233228; 0.000000; 0.000000; 0.000000
1273689227939619; ACC; 0.076614; 1.379060; 11.913548; 0.000000; 0.000000; 0.000000
1273689227939619; GYRO; -0.131633; -0.136712; 0.218358; 0.000000; 0.000000; 0.000000
1273689247930244; ACC; -0.153229; 1.225831; 12.066776; 0.000000; 0.000000; 0.000000
1273689247930244; GYRO; -0.150395; -0.118368; 0.189805; 0.000000; 0.000000; 0.000000
1273689267953682; ACC; -0.229843; 1.417367; 11.836933; 0.000000; 0.000000; 0.000000
1273689267953682; GYRO; -0.176558; -0.102974; 0.163660; 0.000000; 0.000000; 0.000000
1273689287944307; ACC; -0.383072; 1.608904; 11.415554; 0.000000; 0.000000; 0.000000
1273689287944307; GYRO; -0.207572; -0.091909; 0.142000; 0.000000; 0.000000; 0.000000
1273689307934932; ACC; -0.689530; 1.570596; 11.338940; 0.000000; 0.000000; 0.000000
1273689307934932; GYRO; -0.227992; -0.075922; 0.124774; 0.000000; 0.000000; 0.000000
1273689327925557; ACC; -0.881066; 1.034295; 12.526464; 0.000000; 0.000000; 0.000000
1273689327925557; GYRO; -0.226701; -0.041172; 0.134914; 0.000000; 0.000000; 0.000000
1273689347947432; ACC; -0.881066; -0.114922; 15.246277; 0.000000; 0.000000; 0.000000
1273689347947432; GYRO; -0.216683; 0.013352; 0.156539; 0.000000; 0.000000; 0.000000
1273689367938057; ACC; -0.268151; -0.689530; 14.786590; 0.000000; 0.000000; 0.000000
1273689367938057; GYRO; -0.205233; 0.077266; 0.187693; 0.000000; 0.000000; 0.000000
1273689387930244; ACC; 0.229843; -0.842759; 12.105083; 0.000000; 0.000000; 0.000000
1273689387930244; GYRO; -0.200538; 0.132854; 0.210173; 0.000000; 0.000000; 0.000000
1273689407952119; ACC; 0.076614; -0.383072; 9.232041; 0.000000; 0.000000; 0.000000
1273689407952119; GYRO; -0.200852; 0.174027; 0.223734; 0.000000; 0.000000; 0.000000
1273689427942744; ACC; -0.383072; 0.344765; 6.895301; 0.000000; 0.000000; 0.000000
1273689427942744; GYRO; -0.202039; 0.207345; 0.226404; 0.000000; 0.000000; 0.000000
1273689447933369; ACC; -1.110910; 1.110910; 6.359000; 0.000000; 0.000000; 0.000000
1273689447933369; GYRO; -0.195808; 0.244521; 0.243857; 0.000000; 0.000000; 0.000000
1273689467955244; ACC; -1.455675; 1.493982; 7.278373; 0.000000; 0.000000; 0.000000
1273689467955244; GYRO; -0.183888; 0.280457; 0.261415; 0.000000; 0.000000; 0.000000
1273689487947432; ACC; -1.149217; 1.187524; 7.852982; 0.000000; 0.000000; 0.000000
1273689487947432; GYRO; -0.171618; 0.306445; 0.269008; 0.000000; 0.000000; 0.000000
1273689507938057; ACC; -0.536301; 0.919373; 7.354988; 0.000000; 0.000000; 0.000000
1273689507938057; GYRO; -0.160850; 0.319517; 0.268920; 0.000000; 0.000000; 0.000000
1273689527928682; ACC; -0.191536; 0.689530; 6.397307; 0.000000; 0.000000; 0.000000
1273689527928682; GYRO; -0.152472; 0.324003; 0.265726; 0.000000; 0.000000; 0.000000
1273689547950557; ACC; 0.153229; 0.842759; 5.784391; 0.000000; 0.000000; 0.000000
1273689547950557; GYRO; -0.145595; 0.320128; 0.256982; 0.000000; 0.000000; 0.000000
1273689567942744; ACC; 0.268151; 1.187524; 5.631162; 0.000000; 0.000000; 0.000000
1273689567942744; GYRO; -0.138597; 0.314578; 0.247802; 0.000000; 0.000000; 0.000000
1273689587933369; ACC; 0.268151; 1.455675; 5.784391; 0.000000; 0.000000; 0.000000
1273689587933369; GYRO; -0.127985; 0.307143; 0.242426; 0.000000; 0.000000; 0.000000
1273689607955244; ACC; 0.306458; 1.570596; 6.320693; 0.000000; 0.000000; 0.000000
1273689607955244; GYRO; -0.114127; 0.297212; 0.242426; 0.000000; 0.000000; 0.000000
1273689627945869; ACC; 0.191536; 1.417367; 6.895301; 0.000000; 0.000000; 0.000000
1273689627945869; GYRO; -0.099833; 0.287735; 0.243788; 0.000000; 0.000000; 0.000000
1273689647936494; ACC; 0.038307; 1.417367; 6.933608; 0.000000; 0.000000; 0.000000
1273689647936494; GYRO; -0.087616; 0.280719; 0.242531; 0.000000; 0.000000; 0.000000
1273689667928682; ACC; -0.268151; 1.877054; 6.665458; 0.000000; 0.000000; 0.000000
1273689667928682; GYRO; -0.076760; 0.278589; 0.246790; 0.000000; 0.000000; 0.000000
1273689687950557; ACC; -0.612916; 2.221819; 6.933608; 0.000000; 0.000000; 0.000000
1273689687950557; GYRO; -0.067928; 0.280701; 0.250821; 0.000000; 0.000000; 0.000000
1273689707941182; ACC; -0.842759; 2.681506; 7.508216; 0.000000; 0.000000; 0.000000
1273689707941182; GYRO; -0.060406; 0.287840; 0.258920; 0.000000; 0.000000; 0.000000
1273689727931807; ACC; -0.651223; 2.489970; 8.274361; 0.000000; 0.000000; 0.000000
1273689727931807; GYRO; -0.054507; 0.297544; 0.275064; 0.000000; 0.000000; 0.000000
1273689747953682; ACC; -0.306458; 2.145205; 9.385271; 0.000000; 0.000000; 0.000000
1273689747953682; GYRO; -0.050789; 0.304543; 0.286775; 0.000000; 0.000000; 0.000000
1273689767945869; ACC; -0.268151; 2.068590; 10.802638; 0.000000; 0.000000; 0.000000
1273689767945869; GYRO; -0.048503; 0.309936; 0.304211; 0.000000; 0.000000; 0.000000
1273689787936494; ACC; -0.306458; 2.068590; 11.607090; 0.000000; 0.000000; 0.000000
1273689787936494; GYRO; -0.046757; 0.311629; 0.320879; 0.000000; 0.000000; 0.000000
1273689807927119; ACC; 0.000000; 2.260126; 11.453861; 0.000000; 0.000000; 0.000000
1273689807927119; GYRO; -0.043686; 0.303652; 0.333794; 0.000000; 0.000000; 0.000000
1273689827948994; ACC; 0.000000; 2.451663; 11.415554; 0.000000; 0.000000; 0.000000
1273689827948994; GYRO; -0.039951; 0.291941; 0.352906; 0.000000; 0.000000; 0.000000
1273689847939619; ACC; -0.229843; 2.298434; 11.300632; 0.000000; 0.000000; 0.000000
1273689847939619; GYRO; -0.036774; 0.278694; 0.366641; 0.000000; 0.000000; 0.000000
1273689867930244; ACC; -0.229843; 2.375048; 11.377247; 0.000000; 0.000000; 0.000000
1273689867930244; GYRO; -0.034226; 0.262864; 0.375106; 0.000000; 0.000000; 0.000000
1273689887953682; ACC; -0.191536; 2.489970; 11.224017; 0.000000; 0.000000; 0.000000
1273689887953682; GYRO; -0.024819; 0.247889; 0.397132; 0.000000; 0.000000; 0.000000
1273689907944307; ACC; -0.076614; 2.681506; 10.534488; 0.000000; 0.000000; 0.000000
1273689907944307; GYRO; -0.005393; 0.233543; 0.422352; 0.000000; 0.000000; 0.000000
1273689927934932; ACC; 0.306458; 3.026271; 9.653421; 0.000000; 0.000000; 0.000000
1273689927934932; GYRO; 0.022794; 0.218917; 0.447991; 0.000000; 0.000000; 0.000000
1273689947925557; ACC; 0.574608; 2.873042; 9.500193; 0.000000; 0.000000; 0.000000
1273689947925557; GYRO; 0.051592; 0.207363; 0.486982; 0.000000; 0.000000; 0.000000
1273689967948994; ACC; 0.229843; 2.336741; 11.262324; 0.000000; 0.000000; 0.000000
1273689967948994; GYRO; 0.075381; 0.198182; 0.513633; 0.000000; 0.000000; 0.000000
1273689987939619; ACC; 0.076614; 1.417367; 13.905523; 0.000000; 0.000000; 0.000000
1273689987939619; GYRO; 0.098105; 0.188932; 0.537771; 0.000000; 0.000000; 0.000000
1273690007930244; ACC; 0.651223; 0.766145; 15.246277; 0.000000; 0.000000; 0.000000
1273690007930244; GYRO; 0.117775; 0.172561; 0.554351; 0.000000; 0.000000; 0.000000
1273690027953682; ACC; 1.532289; 0.459687; 12.947843; 0.000000; 0.000000; 0.000000
1273690027953682; GYRO; 0.130673; 0.143169; 0.549639; 0.000000; 0.000000; 0.000000
1273690047944307; ACC; 2.030283; 0.459687; 9.308656; 0.000000; 0.000000; 0.000000
1273690047944307; GYRO; 0.135804; 0.100810; 0.530702; 0.000000; 0.000000; 0.000000
1273690067933369; ACC; 2.260126; 0.919373; 6.512228; 0.000000; 0.000000; 0.000000
1273690067933369; GYRO; 0.136502; 0.046251; 0.500997; 0.000000; 0.000000; 0.000000
1273690087956807; ACC; 2.336741; 1.264138; 5.439626; 0.000000; 0.000000; 0.000000
1273690087956807; GYRO; 0.133762; -0.021485; 0.451744; 0.000000; 0.000000; 0.000000
1273690107947432; ACC; 1.953669; 1.608904; 6.550536; 0.000000; 0.000000; 0.000000
1273690107947432; GYRO; 0.128823; -0.087947; 0.404096; 0.000000; 0.000000; 0.000000
1273690127938057; ACC; 1.379060; 1.493982; 7.891289; 0.000000; 0.000000; 0.000000
1273690127938057; GYRO; 0.122470; -0.136939; 0.363814; 0.000000; 0.000000; 0.000000
1273690147928682; ACC; 1.187524; 1.340753; 8.427590; 0.000000; 0.000000; 0.000000
1273690147928682; GYRO; 0.115506; -0.163642; 0.334248; 0.000000; 0.000000; 0.000000
1273690167950557; ACC; 1.493982; 1.302446; 8.082825; 0.000000; 0.000000; 0.000000
1273690167950557; GYRO; 0.109851; -0.179472; 0.304089; 0.000000; 0.000000; 0.000000
1273690187942744; ACC; 1.187524; 1.264138; 7.814674; 0.000000; 0.000000; 0.000000
1273690187942744; GYRO; 0.104406; -0.182422; 0.270927; 0.000000; 0.000000; 0.000000
1273690207933369; ACC; 1.072602; 1.570596; 7.508216; 0.000000; 0.000000; 0.000000
1273690207933369; GYRO; 0.096604; -0.181026; 0.225985; 0.000000; 0.000000; 0.000000
1273690227955244; ACC; 0.919373; 1.685518; 7.048530; 0.000000; 0.000000; 0.000000
1273690227955244; GYRO; 0.086341; -0.177325; 0.176697; 0.000000; 0.000000; 0.000000
1273690247945869; ACC; 0.842759; 1.838747; 6.780379; 0.000000; 0.000000; 0.000000
1273690247945869; GYRO; 0.075835; -0.173835; 0.119276; 0.000000; 0.000000; 0.000000
1273690267936494; ACC; 0.842759; 1.991976; 6.856994; 0.000000; 0.000000; 0.000000
1273690267936494; GYRO; 0.069726; -0.169035; 0.076829; 0.000000; 0.000000; 0.000000
1273690287928682; ACC; 0.957681; 2.030283; 7.125144; 0.000000; 0.000000; 0.000000
1273690287928682; GYRO; 0.067823; -0.166382; 0.041469; 0.000000; 0.000000; 0.000000
1273690307950557; ACC; 0.842759; 2.106898; 7.048530; 0.000000; 0.000000; 0.000000
1273690307950557; GYRO; 0.065397; -0.168250; 0.000750; 0.000000; 0.000000; 0.000000
1273690327941182; ACC; 0.536301; 2.298434; 7.125144; 0.000000; 0.000000; 0.000000
1273690327941182; GYRO; 0.061942; -0.172212; -0.029950; 0.000000; 0.000000; 0.000000
1273690347931807; ACC; 0.459687; 2.451663; 7.546524; 0.000000; 0.000000; 0.000000
1273690347931807; GYRO; 0.055589; -0.183033; -0.067544; 0.000000; 0.000000; 0.000000
1273690367953682; ACC; 0.536301; 2.643199; 8.350976; 0.000000; 0.000000; 0.000000
1273690367953682; GYRO; 0.049183; -0.197955; -0.110340; 0.000000; 0.000000; 0.000000
1273690387945869; ACC; 0.727837; 2.681506; 9.002198; 0.000000; 0.000000; 0.000000
1273690387945869; GYRO; 0.045728; -0.211063; -0.146485; 0.000000; 0.000000; 0.000000
1273690407936494; ACC; 0.995988; 2.489970; 9.461885; 0.000000; 0.000000; 0.000000
1273690407936494; GYRO; 0.043319; -0.225043; -0.184481; 0.000000; 0.000000; 0.000000
1273690427927119; ACC; 1.072602; 2.298434; 10.113108; 0.000000; 0.000000; 0.000000
1273690427927119; GYRO; 0.039026; -0.237958; -0.221552; 0.000000; 0.000000; 0.000000
1273690447948994; ACC; 0.995988; 2.260126; 11.032481; 0.000000; 0.000000; 0.000000
1273690447948994; GYRO; 0.034366; -0.245917; -0.259426; 0.000000; 0.000000; 0.000000
1273690467939619; ACC; 0.919373; 2.375048; 11.492168; 0.000000; 0.000000; 0.000000
1273690467939619; GYRO; 0.029147; -0.251642; -0.299586; 0.000000; 0.000000; 0.000000
1273690487931807; ACC; 0.689530; 2.758120; 10.917560; 0.000000; 0.000000; 0.000000
1273690487931807; GYRO; 0.025970; -0.255307; -0.333969; 0.000000; 0.000000; 0.000000
1273690507953682; ACC; 0.459687; 2.949656; 10.917560; 0.000000; 0.000000; 0.000000
1273690507953682; GYRO; 0.024574; -0.256755; -0.369539; 0.000000; 0.000000; 0.000000
1273690527944307; ACC; 0.421380; 3.179500; 11.224017; 0.000000; 0.000000; 0.000000
1273690527944307; GYRO; 0.025115; -0.255743; -0.400501; 0.000000; 0.000000; 0.000000
1273690547936494; ACC; 0.536301; 3.294421; 10.994174; 0.000000; 0.000000; 0.000000
1273690547936494; GYRO; 0.026738; -0.251450; -0.418547; 0.000000; 0.000000; 0.000000
1273690567925557; ACC; 0.268151; 3.102885; 11.300632; 0.000000; 0.000000; 0.000000
1273690567925557; GYRO; 0.024225; -0.240873; -0.431812; 0.000000; 0.000000; 0.000000
1273690587948994; ACC; 0.536301; 2.298434; 13.177686; 0.000000; 0.000000; 0.000000
1273690587948994; GYRO; 0.013771; -0.231151; -0.457329; 0.000000; 0.000000; 0.000000
