1273683387930244; ACC; 2.260126; 3.983952; 10.611102; 0.000000; 0.000000; 0.000000
1273683387930244; GYRO; 0.000000; 0.000000; 0.000000; 0.000000; 0.000000; 0.000000
1273683407953682; ACC; 2.834735; 2.796427; 8.044518; 0.000000; 0.000000; 0.000000
1273683407953682; GYRO; -0.003037; -0.009285; -0.004555; 0.000000; 0.000000; 0.000000
1273683427944307; ACC; 3.562572; 2.758120; 8.121132; 0.000000; 0.000000; 0.000000
1273683427944307; GYRO; -0.008081; -0.023824; -0.012636; 0.000000; 0.000000; 0.000000
1273683447934932; ACC; 3.409343; 3.754108; 9.653421; 0.000000; 0.000000; 0.000000
1273683447934932; GYRO; -0.010193; -0.030439; -0.017663; 0.000000; 0.000000; 0.000000
1273683467925557; ACC; 2.528277; 4.137180; 10.687716; 0.000000; 0.000000; 0.000000
1273683467925557; GYRO; -0.143379; -0.490839; -0.325347; 0.000000; 0.000000; 0.000000
1273683487947432; ACC; 1.302446; 4.328717; 11.607090; 0.000000; 0.000000; 0.000000
1273683487947432; GYRO; -0.050632; -0.183958; -0.184115; 0.000000; 0.000000; 0.000000
1273683507938057; ACC; 0.881066; 4.098873; 12.526464; 0.000000; 0.000000; 0.000000
1273683507938057; GYRO; -0.040212; 0.034558; -0.071192; 0.000000; 0.000000; 0.000000
1273683527930244; ACC; 1.264138; 3.141193; 13.407530; 0.000000; 0.000000; 0.000000
1273683527930244; GYRO; -0.102172; 0.149208; -0.004677; 0.000000; 0.000000; 0.000000
1273683547952119; ACC; 1.991976; 1.762132; 13.790602; 0.000000; 0.000000; 0.000000
1273683547952119; GYRO; -0.205530; 0.168669; -0.002967; 0.000000; 0.000000; 0.000000
1273683567942744; ACC; 2.183512; 0.459687; 13.292608; 0.000000; 0.000000; 0.000000
1273683567942744; GYRO; -0.319727; 0.163660; -0.012549; 0.000000; 0.000000; 0.000000
1273683587933369; ACC; 1.877054; 0.114922; 12.220005; 0.000000; 0.000000; 0.000000
1273683587933369; GYRO; -0.397987; 0.147201; -0.051313; 0.000000; 0.000000; 0.000000
1273683607955244; ACC; 0.995988; 0.651223; 10.994174; 0.000000; 0.000000; 0.000000
1273683607955244; GYRO; -0.408198; 0.130079; -0.098838; 0.000000; 0.000000; 0.000000
1273683627947432; ACC; 0.191536; 1.455675; 9.883265; 0.000000; 0.000000; 0.000000
1273683627947432; GYRO; -0.420101; 0.122766; -0.132401; 0.000000; 0.000000; 0.000000
1273683647938057; ACC; -0.383072; 1.723825; 9.346964; 0.000000; 0.000000; 0.000000
1273683647938057; GYRO; -0.420380; 0.160989; -0.119136; 0.000000; 0.000000; 0.000000
1273683667928682; ACC; -0.804452; 1.455675; 9.270349; 0.000000; 0.000000; 0.000000
1273683667928682; GYRO; -0.406382; 0.227835; -0.081699; 0.000000; 0.000000; 0.000000
1273683687950557; ACC; -0.881066; 0.651223; 9.385271; 0.000000; 0.000000; 0.000000
1273683687950557; GYRO; -0.395980; 0.295589; -0.023702; 0.000000; 0.000000; 0.000000
1273683707942744; ACC; -0.651223; 0.229843; 9.346964; 0.000000; 0.000000; 0.000000
1273683707942744; GYRO; -0.396958; 0.319395; 0.002007; 0.000000; 0.000000; 0.000000
1273683727933369; ACC; -0.383072; 0.229843; 9.346964; 0.000000; 0.000000; 0.000000
1273683727933369; GYRO; -0.397307; 0.343114; 0.029060; 0.000000; 0.000000; 0.000000
1273683747955244; ACC; -0.651223; 0.574608; 9.500193; 0.000000; 0.000000; 0.000000
1273683747955244; GYRO; -0.386294; 0.367252; 0.054280; 0.000000; 0.000000; 0.000000
1273683767945869; ACC; -0.842759; 0.727837; 9.193734; 0.000000; 0.000000; 0.000000
1273683767945869; GYRO; -0.365873; 0.388214; 0.085312; 0.000000; 0.000000; 0.000000
1273683787936494; ACC; -1.379060; 0.766145; 9.078813; 0.000000; 0.000000; 0.000000
1273683787936494; GYRO; -0.342748; 0.408599; 0.115000; 0.000000; 0.000000; 0.000000
1273683807927119; ACC; -1.417367; 0.612916; 8.734048; 0.000000; 0.000000; 0.000000
1273683807927119; GYRO; -0.320669; 0.425441; 0.149819; 0.000000; 0.000000; 0.000000
1273683827950557; ACC; -0.651223; 0.612916; 8.121132; 0.000000; 0.000000; 0.000000
1273683827950557; GYRO; -0.303094; 0.421933; 0.158738; 0.000000; 0.000000; 0.000000
1273683847941182; ACC; -0.306458; 0.919373; 8.006210; 0.000000; 0.000000; 0.000000
1273683847941182; GYRO; -0.284471; 0.406452; 0.158598; 0.000000; 0.000000; 0.000000
1273683867931807; ACC; -0.114922; 1.264138; 8.312668; 0.000000; 0.000000; 0.000000
1273683867931807; GYRO; -0.263353; 0.385089; 0.153764; 0.000000; 0.000000; 0.000000
1273683887953682; ACC; 0.000000; 1.417367; 8.504205; 0.000000; 0.000000; 0.000000
1273683887953682; GYRO; -0.240838; 0.361824; 0.149034; 0.000000; 0.000000; 0.000000
1273683907945869; ACC; -0.038307; 1.149217; 8.657434; 0.000000; 0.000000; 0.000000
1273683907945869; GYRO; -0.220854; 0.339554; 0.147079; 0.000000; 0.000000; 0.000000
1273683927936494; ACC; 0.153229; 0.995988; 8.197746; 0.000000; 0.000000; 0.000000
1273683927936494; GYRO; -0.203488; 0.316341; 0.143798; 0.000000; 0.000000; 0.000000
1273683947927119; ACC; 0.536301; 1.302446; 7.431602; 0.000000; 0.000000; 0.000000
1273683947927119; GYRO; -0.184970; 0.289969; 0.137706; 0.000000; 0.000000; 0.000000
1273683967948994; ACC; 0.651223; 1.340753; 7.278373; 0.000000; 0.000000; 0.000000
1273683967948994; GYRO; -0.166574; 0.261834; 0.125838; 0.000000; 0.000000; 0.000000
1273683987939619; ACC; 0.497994; 1.762132; 7.201759; 0.000000; 0.000000; 0.000000
1273683987939619; GYRO; -0.145805; 0.237138; 0.122487; 0.000000; 0.000000; 0.000000
1273684007930244; ACC; 0.574608; 1.953669; 7.623138; 0.000000; 0.000000; 0.000000
1273684007930244; GYRO; -0.124041; 0.217398; 0.134565; 0.000000; 0.000000; 0.000000
1273684027995869; ACC; 0.804452; 1.838747; 7.393295; 0.000000; 0.000000; 0.000000
1273684027995869; GYRO; -0.111544; 0.204465; 0.149261; 0.000000; 0.000000; 0.000000
1273684047944307; ACC; 1.034295; 1.838747; 7.546524; 0.000000; 0.000000; 0.000000
1273684047944307; GYRO; -0.107163; 0.202528; 0.169000; 0.000000; 0.000000; 0.000000
1273684067934932; ACC; 0.881066; 1.877054; 7.852982; 0.000000; 0.000000; 0.000000
1273684067934932; GYRO; -0.105505; 0.213681; 0.191881; 0.000000; 0.000000; 0.000000
1273684087925557; ACC; 0.612916; 1.877054; 8.504205; 0.000000; 0.000000; 0.000000
1273684087925557; GYRO; -0.108664; 0.235270; 0.217817; 0.000000; 0.000000; 0.000000
1273684107948994; ACC; 0.574608; 1.953669; 8.963891; 0.000000; 0.000000; 0.000000
1273684107948994; GYRO; -0.117565; 0.258763; 0.245760; 0.000000; 0.000000; 0.000000
1273684127938057; ACC; 0.727837; 2.030283; 8.389283; 0.000000; 0.000000; 0.000000
1273684127938057; GYRO; -0.131476; 0.268030; 0.260927; 0.000000; 0.000000; 0.000000
1273684147930244; ACC; 0.957681; 2.068590; 8.350976; 0.000000; 0.000000; 0.000000
1273684147930244; GYRO; -0.146677; 0.261660; 0.269112; 0.000000; 0.000000; 0.000000
1273684167952119; ACC; 0.727837; 1.762132; 9.346964; 0.000000; 0.000000; 0.000000
1273684167952119; GYRO; -0.157603; 0.252043; 0.274680; 0.000000; 0.000000; 0.000000
1273684187942744; ACC; 0.459687; 1.532289; 10.151415; 0.000000; 0.000000; 0.000000
1273684187942744; GYRO; -0.152402; 0.251589; 0.295100; 0.000000; 0.000000; 0.000000
1273684207933369; ACC; 0.421380; 1.762132; 9.768343; 0.000000; 0.000000; 0.000000
1273684207933369; GYRO; -0.127758; 0.256825; 0.325294; 0.000000; 0.000000; 0.000000
1273684227956807; ACC; 0.076614; 2.336741; 9.308656; 0.000000; 0.000000; 0.000000
1273684227956807; GYRO; -0.092206; 0.266023; 0.369521; 0.000000; 0.000000; 0.000000
1273684247947432; ACC; 0.000000; 2.604892; 9.346964; 0.000000; 0.000000; 0.000000
1273684247947432; GYRO; -0.061174; 0.271050; 0.410536; 0.000000; 0.000000; 0.000000
1273684267938057; ACC; 0.383072; 1.800440; 10.381259; 0.000000; 0.000000; 0.000000
1273684267938057; GYRO; -0.046967; 0.266948; 0.444535; 0.000000; 0.000000; 0.000000
1273684287928682; ACC; 0.689530; 0.536301; 11.377247; 0.000000; 0.000000; 0.000000
1273684287928682; GYRO; -0.040108; 0.251781; 0.461901; 0.000000; 0.000000; 0.000000
1273684307950557; ACC; 0.727837; -0.229843; 12.603078; 0.000000; 0.000000; 0.000000
1273684307950557; GYRO; -0.038031; 0.230453; 0.471431; 0.000000; 0.000000; 0.000000
1273684327942744; ACC; 0.421380; -0.038307; 13.560759; 0.000000; 0.000000; 0.000000
1273684327942744; GYRO; -0.037577; 0.207485; 0.468551; 0.000000; 0.000000; 0.000000
1273684347933369; ACC; 0.076614; 0.344765; 12.947843; 0.000000; 0.000000; 0.000000
1273684347933369; GYRO; -0.035378; 0.190223; 0.478517; 0.000000; 0.000000; 0.000000
1273684367955244; ACC; 0.306458; 0.383072; 11.377247; 0.000000; 0.000000; 0.000000
1273684367955244; GYRO; -0.038275; 0.176680; 0.485708; 0.000000; 0.000000; 0.000000
1273684387945869; ACC; 0.881066; 0.153229; 10.419566; 0.000000; 0.000000; 0.000000
1273684387945869; GYRO; -0.044925; 0.163852; 0.485411; 0.000000; 0.000000; 0.000000
1273684407936494; ACC; 1.455675; -0.536301; 10.649409; 0.000000; 0.000000; 0.000000
1273684407936494; GYRO; -0.051679; 0.134897; 0.463629; 0.000000; 0.000000; 0.000000
1273684427927119; ACC; 1.264138; -0.804452; 12.028469; 0.000000; 0.000000; 0.000000
1273684427927119; GYRO; -0.054297; 0.083636; 0.418006; 0.000000; 0.000000; 0.000000
1273684447950557; ACC; 0.919373; -0.919373; 13.177686; 0.000000; 0.000000; 0.000000
1273684447950557; GYRO; -0.066689; 0.022270; 0.352103; 0.000000; 0.000000; 0.000000
1273684467941182; ACC; 0.766145; -1.110910; 13.292608; 0.000000; 0.000000; 0.000000
1273684467941182; GYRO; -0.085347; -0.023597; 0.299289; 0.000000; 0.000000; 0.000000
1273684487931807; ACC; 1.225831; -1.723825; 12.411542; 0.000000; 0.000000; 0.000000
1273684487931807; GYRO; -0.111736; -0.058032; 0.255254; 0.000000; 0.000000; 0.000000
1273684507953682; ACC; 1.838747; -1.877054; 11.070788; 0.000000; 0.000000; 0.000000
1273684507953682; GYRO; -0.148109; -0.089221; 0.211167; 0.000000; 0.000000; 0.000000
1273684527945869; ACC; 2.183512; -1.379060; 10.266336; 0.000000; 0.000000; 0.000000
1273684527945869; GYRO; -0.191061; -0.119241; 0.167447; 0.000000; 0.000000; 0.000000
1273684547936494; ACC; 1.608904; -0.536301; 9.232041; 0.000000; 0.000000; 0.000000
1273684547936494; GYRO; -0.227696; -0.143309; 0.116797; 0.000000; 0.000000; 0.000000
1273684567927119; ACC; 1.034295; 0.076614; 8.082825; 0.000000; 0.000000; 0.000000
1273684567927119; GYRO; -0.247488; -0.154374; 0.082589; 0.000000; 0.000000; 0.000000
1273684587948994; ACC; 1.072602; 0.804452; 7.929596; 0.000000; 0.000000; 0.000000
1273684587948994; GYRO; -0.250717; -0.156818; 0.050946; 0.000000; 0.000000; 0.000000
1273684607939619; ACC; 0.804452; 1.379060; 7.393295; 0.000000; 0.000000; 0.000000
1273684607939619; GYRO; -0.238918; -0.152804; 0.025866; 0.000000; 0.000000; 0.000000
1273684627931807; ACC; 0.612916; 1.264138; 6.780379; 0.000000; 0.000000; 0.000000
1273684627931807; GYRO; -0.226038; -0.145892; 0.006336; 0.000000; 0.000000; 0.000000
1273684647953682; ACC; 0.651223; 1.302446; 6.129156; 0.000000; 0.000000; 0.000000
1273684647953682; GYRO; -0.213838; -0.136729; -0.004259; 0.000000; 0.000000; 0.000000
1273684667944307; ACC; 0.842759; 1.417367; 5.516241; 0.000000; 0.000000; 0.000000
1273684667944307; GYRO; -0.200835; -0.127077; -0.020577; 0.000000; 0.000000; 0.000000
1273684687934932; ACC; 0.881066; 1.685518; 5.822699; 0.000000; 0.000000; 0.000000
1273684687934932; GYRO; -0.186436; -0.118176; -0.048834; 0.000000; 0.000000; 0.000000
1273684707925557; ACC; 0.306458; 1.608904; 6.703765; 0.000000; 0.000000; 0.000000
1273684707925557; GYRO; -0.172247; -0.108577; -0.078453; 0.000000; 0.000000; 0.000000
1273684727948994; ACC; 0.689530; 1.264138; 6.856994; 0.000000; 0.000000; 0.000000
1273684727948994; GYRO; -0.160431; -0.102398; -0.108088; 0.000000; 0.000000; 0.000000
1273684747939619; ACC; 0.344765; 1.800440; 7.048530; 0.000000; 0.000000; 0.000000
1273684747939619; GYRO; -0.146869; -0.096866; -0.125786; 0.000000; 0.000000; 0.000000
1273684767930244; ACC; 0.076614; 2.413355; 7.278373; 0.000000; 0.000000; 0.000000
1273684767930244; GYRO; -0.132209; -0.091595; -0.141913; 0.000000; 0.000000; 0.000000
1273684787952119; ACC; -0.038307; 2.911349; 7.584831; 0.000000; 0.000000; 0.000000
1273684787952119; GYRO; -0.118595; -0.085539; -0.165667; 0.000000; 0.000000; 0.000000
1273684807944307; ACC; 0.076614; 3.026271; 7.699753; 0.000000; 0.000000; 0.000000
1273684807944307; GYRO; -0.106954; -0.075224; -0.183958; 0.000000; 0.000000; 0.000000
1273684827933369; ACC; 0.191536; 2.873042; 7.891289; 0.000000; 0.000000; 0.000000
1273684827933369; GYRO; -0.091630; -0.063844; -0.191934; 0.000000; 0.000000; 0.000000
1273684847956807; ACC; 0.459687; 2.566584; 8.848969; 0.000000; 0.000000; 0.000000
1273684847956807; GYRO; -0.071908; -0.053180; -0.196035; 0.000000; 0.000000; 0.000000
1273684867947432; ACC; 0.842759; 1.953669; 9.844957; 0.000000; 0.000000; 0.000000
1273684867947432; GYRO; -0.053966; -0.047909; -0.204169; 0.000000; 0.000000; 0.000000
1273684887938057; ACC; 1.493982; 1.417367; 10.228029; 0.000000; 0.000000; 0.000000
1273684887938057; GYRO; -0.046862; -0.048712; -0.212860; 0.000000; 0.000000; 0.000000
1273684907928682; ACC; 1.149217; 1.762132; 11.300632; 0.000000; 0.000000; 0.000000
1273684907928682; GYRO; -0.041853; -0.048817; -0.218864; 0.000000; 0.000000; 0.000000
1273684927952119; ACC; 0.114922; 2.106898; 13.062764; 0.000000; 0.000000; 0.000000
1273684927952119; GYRO; -0.026965; -0.047613; -0.230401; 0.000000; 0.000000; 0.000000
1273684947942744; ACC; -0.038307; 2.413355; 13.560759; 0.000000; 0.000000; 0.000000
1273684947942744; GYRO; 0.002112; -0.045623; -0.241554; 0.000000; 0.000000; 0.000000
1273684967933369; ACC; 0.000000; 2.643199; 12.334928; 0.000000; 0.000000; 0.000000
1273684967933369; GYRO; 0.038502; -0.043581; -0.249495; 0.000000; 0.000000; 0.000000
1273684987955244; ACC; 0.268151; 2.604892; 10.955867; 0.000000; 0.000000; 0.000000
1273684987955244; GYRO; 0.072466; -0.043441; -0.264557; 0.000000; 0.000000; 0.000000
1273685007945869; ACC; -0.383072; 2.719813; 11.032481; 0.000000; 0.000000; 0.000000
1273685007945869; GYRO; 0.103201; -0.041661; -0.272271; 0.000000; 0.000000; 0.000000
1273685027938057; ACC; -1.379060; 2.528277; 12.028469; 0.000000; 0.000000; 0.000000
1273685027938057; GYRO; 0.128160; -0.036408; -0.274750; 0.000000; 0.000000; 0.000000
1273685047928682; ACC; -1.915361; 2.030283; 13.484144; 0.000000; 0.000000; 0.000000
1273685047928682; GYRO; 0.151512; -0.029566; -0.276181; 0.000000; 0.000000; 0.000000
1273685067950557; ACC; -1.915361; 0.842759; 14.633361; 0.000000; 0.000000; 0.000000
1273685067950557; GYRO; 0.167482; 0.005480; -0.247994; 0.000000; 0.000000; 0.000000
1273685087941182; ACC; -1.225831; 0.038307; 13.752295; 0.000000; 0.000000; 0.000000
1273685087941182; GYRO; 0.173538; 0.057840; -0.191934; 0.000000; 0.000000; 0.000000
1273685107931807; ACC; -0.689530; -0.114922; 11.338940; 0.000000; 0.000000; 0.000000
1273685107931807; GYRO; 0.176366; 0.109380; -0.131004; 0.000000; 0.000000; 0.000000
1273685127955244; ACC; -0.651223; 0.344765; 8.848969; 0.000000; 0.000000; 0.000000
1273685127955244; GYRO; 0.184865; 0.153694; -0.081071; 0.000000; 0.000000; 0.000000
1273685147945869; ACC; -1.225831; 0.995988; 7.393295; 0.000000; 0.000000; 0.000000
1273685147945869; GYRO; 0.199666; 0.201516; -0.021328; 0.000000; 0.000000; 0.000000
1273685167936494; ACC; -1.953669; 1.608904; 7.431602; 0.000000; 0.000000; 0.000000
1273685167936494; GYRO; 0.217067; 0.256476; 0.041836; 0.000000; 0.000000; 0.000000
1273685187927119; ACC; -2.489970; 1.800440; 8.006210; 0.000000; 0.000000; 0.000000
1273685187927119; GYRO; 0.231710; 0.308417; 0.112120; 0.000000; 0.000000; 0.000000
1273685207948994; ACC; -2.336741; 1.493982; 8.121132; 0.000000; 0.000000; 0.000000
1273685207948994; GYRO; 0.241205; 0.345732; 0.164393; 0.000000; 0.000000; 0.000000
1273685227939619; ACC; -1.762132; 1.034295; 7.738060; 0.000000; 0.000000; 0.000000
1273685227939619; GYRO; 0.243281; 0.369783; 0.200992; 0.000000; 0.000000; 0.000000
1273685247931807; ACC; -1.110910; 0.651223; 6.818686; 0.000000; 0.000000; 0.000000
1273685247931807; GYRO; 0.234607; 0.378632; 0.223804; 0.000000; 0.000000; 0.000000
1273685267953682; ACC; -0.574608; 0.651223; 5.822699; 0.000000; 0.000000; 0.000000
1273685267953682; GYRO; 0.219528; 0.373570; 0.232495; 0.000000; 0.000000; 0.000000
1273685287944307; ACC; -0.574608; 0.881066; 5.516241; 0.000000; 0.000000; 0.000000
1273685287944307; GYRO; 0.200800; 0.364285; 0.234415; 0.000000; 0.000000; 0.000000
1273685307934932; ACC; -0.804452; 1.379060; 5.631162; 0.000000; 0.000000; 0.000000
1273685307934932; GYRO; 0.180956; 0.360742; 0.245027; 0.000000; 0.000000; 0.000000
1273685327927119; ACC; -1.110910; 1.838747; 5.669470; 0.000000; 0.000000; 0.000000
1273685327927119; GYRO; 0.162246; 0.366065; 0.271277; 0.000000; 0.000000; 0.000000
1273685347948994; ACC; -1.187524; 2.260126; 5.592855; 0.000000; 0.000000; 0.000000
1273685347948994; GYRO; 0.147515; 0.369870; 0.302343; 0.000000; 0.000000; 0.000000
1273685367939619; ACC; -0.766145; 2.375048; 5.631162; 0.000000; 0.000000; 0.000000
1273685367939619; GYRO; 0.137096; 0.371720; 0.334265; 0.000000; 0.000000; 0.000000
1273685387930244; ACC; -0.421380; 2.298434; 5.861006; 0.000000; 0.000000; 0.000000
1273685387930244; GYRO; 0.129102; 0.364180; 0.361144; 0.000000; 0.000000; 0.000000
1273685407952119; ACC; 0.000000; 2.183512; 6.397307; 0.000000; 0.000000; 0.000000
1273685407952119; GYRO; 0.121318; 0.344982; 0.374862; 0.000000; 0.000000; 0.000000
1273685427944307; ACC; 0.038307; 2.336741; 7.125144; 0.000000; 0.000000; 0.000000
1273685427944307; GYRO; 0.111300; 0.322135; 0.384967; 0.000000; 0.000000; 0.000000
1273685447934932; ACC; 0.153229; 2.489970; 7.929596; 0.000000; 0.000000; 0.000000
1273685447934932; GYRO; 0.098646; 0.298923; 0.393711; 0.000000; 0.000000; 0.000000
1273685467925557; ACC; 0.306458; 2.604892; 8.734048; 0.000000; 0.000000; 0.000000
1273685467925557; GYRO; 0.085765; 0.274174; 0.388091; 0.000000; 0.000000; 0.000000
1273685487947432; ACC; 0.459687; 2.604892; 9.461885; 0.000000; 0.000000; 0.000000
1273685487947432; GYRO; 0.074072; 0.252811; 0.386887; 0.000000; 0.000000; 0.000000
1273685507938057; ACC; 0.957681; 2.336741; 9.998186; 0.000000; 0.000000; 0.000000
1273685507938057; GYRO; 0.064926; 0.232635; 0.379993; 0.000000; 0.000000; 0.000000
1273685527930244; ACC; 1.187524; 1.953669; 10.649409; 0.000000; 0.000000; 0.000000
1273685527930244; GYRO; 0.057282; 0.216805; 0.382524; 0.000000; 0.000000; 0.000000
1273685547952119; ACC; 1.187524; 1.953669; 11.568783; 0.000000; 0.000000; 0.000000
1273685547952119; GYRO; 0.049690; 0.202458; 0.386433; 0.000000; 0.000000; 0.000000
1273685567942744; ACC; 0.842759; 2.221819; 12.526464; 0.000000; 0.000000; 0.000000
1273685567942744; GYRO; 0.042254; 0.192615; 0.409210; 0.000000; 0.000000; 0.000000
1273685587933369; ACC; 0.459687; 2.413355; 13.024457; 0.000000; 0.000000; 0.000000
1273685587933369; GYRO; 0.037333; 0.179228; 0.414795; 0.000000; 0.000000; 0.000000
1273685607955244; ACC; 0.306458; 2.566584; 12.717999; 0.000000; 0.000000; 0.000000
1273685607955244; GYRO; 0.032411; 0.164724; 0.420328; 0.000000; 0.000000; 0.000000
1273685627947432; ACC; 0.459687; 2.528277; 11.492168; 0.000000; 0.000000; 0.000000
1273685627947432; GYRO; 0.027140; 0.151442; 0.429805; 0.000000; 0.000000; 0.000000
1273685647938057; ACC; 0.804452; 2.681506; 10.342952; 0.000000; 0.000000; 0.000000
1273685647938057; GYRO; 0.024120; 0.131179; 0.431149; 0.000000; 0.000000; 0.000000
1273685667928682; ACC; 1.187524; 2.834735; 9.730036; 0.000000; 0.000000; 0.000000
1273685667928682; GYRO; 0.025185; 0.096063; 0.426628; 0.000000; 0.000000; 0.000000
1273685687950557; ACC; 0.881066; 2.375048; 10.572795; 0.000000; 0.000000; 0.000000
1273685687950557; GYRO; 0.027821; 0.045187; 0.401670; 0.000000; 0.000000; 0.000000
1273685707941182; ACC; 0.804452; 1.570596; 12.105083; 0.000000; 0.000000; 0.000000
1273685707941182; GYRO; 0.033231; -0.004416; 0.390395; 0.000000; 0.000000; 0.000000
1273685727931807; ACC; 1.225831; 0.766145; 13.407530; 0.000000; 0.000000; 0.000000
1273685727931807; GYRO; 0.041225; -0.043843; 0.378300; 0.000000; 0.000000; 0.000000
1273685747955244; ACC; 1.953669; 0.114922; 13.024457; 0.000000; 0.000000; 0.000000
1273685747955244; GYRO; 0.045536; -0.080163; 0.362749; 0.000000; 0.000000; 0.000000
1273685767945869; ACC; 2.604892; -0.191536; 10.764331; 0.000000; 0.000000; 0.000000
1273685767945869; GYRO; 0.044506; -0.120934; 0.348699; 0.000000; 0.000000; 0.000000
1273685787936494; ACC; 3.332729; -0.268151; 8.619126; 0.000000; 0.000000; 0.000000
1273685787936494; GYRO; 0.040352; -0.181741; 0.305625; 0.000000; 0.000000; 0.000000
1273685807927119; ACC; 3.485958; 0.114922; 7.584831; 0.000000; 0.000000; 0.000000
1273685807927119; GYRO; 0.035570; -0.252584; 0.258379; 0.000000; 0.000000; 0.000000
1273685827950557; ACC; 2.604892; 0.497994; 7.623138; 0.000000; 0.000000; 0.000000
1273685827950557; GYRO; 0.032411; -0.322816; 0.198653; 0.000000; 0.000000; 0.000000
1273685847941182; ACC; 1.838747; 0.881066; 8.044518; 0.000000; 0.000000; 0.000000
1273685847941182; GYRO; 0.026791; -0.376869; 0.149470; 0.000000; 0.000000; 0.000000
1273685867931807; ACC; 1.149217; 0.842759; 8.159439; 0.000000; 0.000000; 0.000000
1273685867931807; GYRO; 0.016790; -0.402351; 0.133448; 0.000000; 0.000000; 0.000000
1273685887953682; ACC; 1.110910; 0.689530; 8.236053; 0.000000; 0.000000; 0.000000
1273685887953682; GYRO; 0.003892; -0.410467; 0.114825; 0.000000; 0.000000; 0.000000
1273685907944307; ACC; 1.072602; 0.497994; 7.738060; 0.000000; 0.000000; 0.000000
1273685907944307; GYRO; -0.010734; -0.399837; 0.112731; 0.000000; 0.000000; 0.000000
1273685927934932; ACC; 1.072602; 0.268151; 7.010222; 0.000000; 0.000000; 0.000000
1273685927934932; GYRO; -0.027629; -0.384653; 0.107076; 0.000000; 0.000000; 0.000000
1273685947927119; ACC; 0.804452; 0.268151; 6.742072; 0.000000; 0.000000; 0.000000
1273685947927119; GYRO; -0.047037; -0.368928; 0.097930; 0.000000; 0.000000; 0.000000
1273685967948994; ACC; 0.536301; 0.612916; 6.512228; 0.000000; 0.000000; 0.000000
1273685967948994; GYRO; -0.067701; -0.355838; 0.078487; 0.000000; 0.000000; 0.000000
1273685987939619; ACC; 0.306458; 1.187524; 6.665458; 0.000000; 0.000000; 0.000000
1273685987939619; GYRO; -0.086708; -0.343324; 0.054088; 0.000000; 0.000000; 0.000000
1273686007930244; ACC; 0.114922; 1.417367; 6.818686; 0.000000; 0.000000; 0.000000
1273686007930244; GYRO; -0.101700; -0.324439; 0.042761; 0.000000; 0.000000; 0.000000
1273686027953682; ACC; 0.306458; 1.379060; 7.086837; 0.000000; 0.000000; 0.000000
1273686027953682; GYRO; -0.113534; -0.304124; 0.031015; 0.000000; 0.000000; 0.000000
1273686047944307; ACC; 0.536301; 1.570596; 7.623138; 0.000000; 0.000000; 0.000000
1273686047944307; GYRO; -0.120358; -0.282796; 0.023387; 0.000000; 0.000000; 0.000000
1273686067934932; ACC; 0.459687; 1.877054; 8.657434; 0.000000; 0.000000; 0.000000
1273686067934932; GYRO; -0.124826; -0.263841; 0.004311; 0.000000; 0.000000; 0.000000
1273686087925557; ACC; -0.076614; 2.451663; 9.078813; 0.000000; 0.000000; 0.000000
1273686087925557; GYRO; -0.123063; -0.240803; -0.004555; 0.000000; 0.000000; 0.000000
1273686107947432; ACC; -0.191536; 2.681506; 9.423578; 0.000000; 0.000000; 0.000000
1273686107947432; GYRO; -0.116571; -0.215025; -0.004974; 0.000000; 0.000000; 0.000000
1273686127938057; ACC; -0.038307; 2.298434; 10.534488; 0.000000; 0.000000; 0.000000
1273686127938057; GYRO; -0.111247; -0.189595; -0.003962; 0.000000; 0.000000; 0.000000
1273686147930244; ACC; 0.344765; 1.532289; 11.683704; 0.000000; 0.000000; 0.000000
1273686147930244; GYRO; -0.111038; -0.166278; -0.008168; 0.000000; 0.000000; 0.000000
1273686167952119; ACC; 0.574608; 1.455675; 11.645397; 0.000000; 0.000000; 0.000000
1273686167952119; GYRO; -0.111300; -0.148615; -0.021625; 0.000000; 0.000000; 0.000000
1273686187942744; ACC; 0.727837; 1.762132; 11.683704; 0.000000; 0.000000; 0.000000
1273686187942744; GYRO; -0.108786; -0.133919; -0.040335; 0.000000; 0.000000; 0.000000
1273686207933369; ACC; 0.766145; 1.647211; 12.564771; 0.000000; 0.000000; 0.000000
1273686207933369; GYRO; -0.107966; -0.118857; -0.065275; 0.000000; 0.000000; 0.000000
1273686227956807; ACC; 0.651223; 1.455675; 13.024457; 0.000000; 0.000000; 0.000000
1273686227956807; GYRO; -0.109607; -0.103236; -0.074246; 0.000000; 0.000000; 0.000000
1273686247947432; ACC; 0.306458; 2.068590; 11.875240; 0.000000; 0.000000; 0.000000
1273686247947432; GYRO; -0.110322; -0.090583; -0.082327; 0.000000; 0.000000; 0.000000
1273686267938057; ACC; 0.536301; 2.796427; 10.572795; 0.000000; 0.000000; 0.000000
1273686267938057; GYRO; -0.105156; -0.082048; -0.094649; 0.000000; 0.000000; 0.000000
1273686287928682; ACC; 0.497994; 2.298434; 10.496181; 0.000000; 0.000000; 0.000000
1273686287928682; GYRO; -0.101945; -0.072902; -0.105854; 0.000000; 0.000000; 0.000000
1273686307950557; ACC; 0.114922; 1.723825; 11.300632; 0.000000; 0.000000; 0.000000
1273686307950557; GYRO; -0.105296; -0.058172; -0.115715; 0.000000; 0.000000; 0.000000
1273686327942744; ACC; 0.038307; 1.455675; 13.024457; 0.000000; 0.000000; 0.000000
1273686327942744; GYRO; -0.109362; -0.042778; -0.119381; 0.000000; 0.000000; 0.000000
1273686347933369; ACC; 0.344765; 1.072602; 12.794614; 0.000000; 0.000000; 0.000000
1273686347933369; GYRO; -0.111125; -0.033004; -0.131266; 0.000000; 0.000000; 0.000000
1273686367955244; ACC; 0.612916; 1.187524; 10.611102; 0.000000; 0.000000; 0.000000
1273686367955244; GYRO; -0.104598; -0.023963; -0.144967; 0.000000; 0.000000; 0.000000
1273686387945869; ACC; 0.383072; 1.455675; 7.967903; 0.000000; 0.000000; 0.000000
1273686387945869; GYRO; -0.089117; -0.009180; -0.150412; 0.000000; 0.000000; 0.000000
1273686407936494; ACC; 0.421380; 1.493982; 7.393295; 0.000000; 0.000000; 0.000000
1273686407936494; GYRO; -0.070651; 0.012374; -0.147114; 0.000000; 0.000000; 0.000000
1273686427928682; ACC; 0.727837; 1.110910; 7.661446; 0.000000; 0.000000; 0.000000
1273686427928682; GYRO; -0.054472; 0.041801; -0.139661; 0.000000; 0.000000; 0.000000
