1273698357942744; ACC; 1.915361; 3.754108; 11.147403; 0.000000; 0.000000; 0.000000
1273698357942744; GYRO; 0.000000; 0.000000; 0.000000; 0.000000; 0.000000; 0.000000
1273698377933369; ACC; 2.643199; 2.911349; 12.143391; 0.000000; 0.000000; 0.000000
1273698377933369; GYRO; -0.007365; 0.000698; 0.022602; 0.000000; 0.000000; 0.000000
1273698397955244; ACC; 3.715801; 1.838747; 12.296620; 0.000000; 0.000000; 0.000000
1273698397955244; GYRO; -0.020071; -0.005603; 0.056043; 0.000000; 0.000000; 0.000000
1273698417945869; ACC; 3.792415; 1.379060; 10.496181; 0.000000; 0.000000; 0.000000
1273698417945869; GYRO; -0.028868; -0.014539; 0.089029; 0.000000; 0.000000; 0.000000
1273698437936494; ACC; 3.754108; 1.647211; 8.772355; 0.000000; 0.000000; 0.000000
1273698437936494; GYRO; -0.270334; -0.237592; 0.996374; 0.000000; 0.000000; 0.000000
1273698457928682; ACC; 3.600879; 1.991976; 8.006210; 0.000000; 0.000000; 0.000000
1273698457928682; GYRO; -0.197187; -0.286042; 0.974522; 0.000000; 0.000000; 0.000000
1273698477950557; ACC; 3.179500; 2.336741; 8.772355; 0.000000; 0.000000; 0.000000
1273698477950557; GYRO; -0.159261; -0.274418; 0.873275; 0.000000; 0.000000; 0.000000
1273698497939619; ACC; 2.719813; 2.106898; 9.232041; 0.000000; 0.000000; 0.000000
1273698497939619; GYRO; -0.136345; -0.260997; 0.771889; 0.000000; 0.000000; 0.000000
1273698517931807; ACC; 2.451663; 1.723825; 9.040505; 0.000000; 0.000000; 0.000000
1273698517931807; GYRO; -0.125524; -0.254312; 0.665320; 0.000000; 0.000000; 0.000000
1273698537953682; ACC; 2.030283; 1.838747; 8.044518; 0.000000; 0.000000; 0.000000
1273698537953682; GYRO; -0.112399; -0.247051; 0.572067; 0.000000; 0.000000; 0.000000
1273698557945869; ACC; 1.991976; 1.953669; 7.201759; 0.000000; 0.000000; 0.000000
1273698557945869; GYRO; -0.104231; -0.216648; 0.465549; 0.000000; 0.000000; 0.000000
1273698577936494; ACC; 2.145205; 1.762132; 7.048530; 0.000000; 0.000000; 0.000000
1273698577936494; GYRO; -0.105680; -0.185110; 0.358386; 0.000000; 0.000000; 0.000000
1273698597927119; ACC; 2.336741; 1.685518; 7.010222; 0.000000; 0.000000; 0.000000
1273698597927119; GYRO; -0.092782; -0.178547; 0.292901; 0.000000; 0.000000; 0.000000
1273698617948994; ACC; 2.336741; 1.915361; 6.742072; 0.000000; 0.000000; 0.000000
1273698617948994; GYRO; -0.077213; -0.169087; 0.228062; 0.000000; 0.000000; 0.000000
1273698637939619; ACC; 1.723825; 2.260126; 6.818686; 0.000000; 0.000000; 0.000000
1273698637939619; GYRO; -0.066200; -0.151058; 0.162403; 0.000000; 0.000000; 0.000000
1273698657931807; ACC; 1.072602; 2.643199; 6.933608; 0.000000; 0.000000; 0.000000
1273698657931807; GYRO; -0.055467; -0.119590; 0.099903; 0.000000; 0.000000; 0.000000
1273698677953682; ACC; 0.689530; 2.834735; 7.469909; 0.000000; 0.000000; 0.000000
1273698677953682; GYRO; -0.049794; -0.078697; 0.032254; 0.000000; 0.000000; 0.000000
1273698697944307; ACC; 0.612916; 2.834735; 7.738060; 0.000000; 0.000000; 0.000000
1273698697944307; GYRO; -0.047717; -0.035273; -0.029548; 0.000000; 0.000000; 0.000000
1273698717934932; ACC; 0.995988; 2.681506; 7.967903; 0.000000; 0.000000; 0.000000
1273698717934932; GYRO; -0.050021; -0.001536; -0.086027; 0.000000; 0.000000; 0.000000
1273698737927119; ACC; 1.417367; 2.528277; 7.891289; 0.000000; 0.000000; 0.000000
1273698737927119; GYRO; -0.047037; 0.017907; -0.132261; 0.000000; 0.000000; 0.000000
1273698757948994; ACC; 1.532289; 2.298434; 7.623138; 0.000000; 0.000000; 0.000000
1273698757948994; GYRO; -0.035919; 0.029461; -0.159645; 0.000000; 0.000000; 0.000000
1273698777939619; ACC; 1.647211; 2.336741; 7.584831; 0.000000; 0.000000; 0.000000
1273698777939619; GYRO; -0.022061; 0.033824; -0.179402; 0.000000; 0.000000; 0.000000
1273698797930244; ACC; 1.608904; 2.375048; 7.852982; 0.000000; 0.000000; 0.000000
1273698797930244; GYRO; -0.007330; 0.037245; -0.186803; 0.000000; 0.000000; 0.000000
1273698817952119; ACC; 1.532289; 2.413355; 7.967903; 0.000000; 0.000000; 0.000000
1273698817952119; GYRO; 0.003665; 0.039532; -0.192911; 0.000000; 0.000000; 0.000000
1273698837944307; ACC; 1.455675; 2.375048; 8.044518; 0.000000; 0.000000; 0.000000
1273698837944307; GYRO; 0.009791; 0.041452; -0.199020; 0.000000; 0.000000; 0.000000
1273698857933369; ACC; 1.187524; 2.489970; 8.236053; 0.000000; 0.000000; 0.000000
1273698857933369; GYRO; 0.011921; 0.045099; -0.209038; 0.000000; 0.000000; 0.000000
1273698877956807; ACC; 1.072602; 2.489970; 8.580819; 0.000000; 0.000000; 0.000000
1273698877956807; GYRO; 0.010856; 0.051417; -0.220086; 0.000000; 0.000000; 0.000000
1273698897947432; ACC; 1.302446; 2.604892; 8.389283; 0.000000; 0.000000; 0.000000
1273698897947432; GYRO; 0.009460; 0.055676; -0.230244; 0.000000; 0.000000; 0.000000
1273698917938057; ACC; 1.302446; 2.643199; 8.121132; 0.000000; 0.000000; 0.000000
1273698917938057; GYRO; 0.009093; 0.058416; -0.237330; 0.000000; 0.000000; 0.000000
1273698937928682; ACC; 1.302446; 2.643199; 8.006210; 0.000000; 0.000000; 0.000000
1273698937928682; GYRO; 0.009058; 0.059394; -0.243473; 0.000000; 0.000000; 0.000000
1273698957950557; ACC; 1.149217; 2.643199; 8.389283; 0.000000; 0.000000; 0.000000
1273698957950557; GYRO; 0.007802; 0.060319; -0.252252; 0.000000; 0.000000; 0.000000
1273698977942744; ACC; 1.034295; 2.873042; 8.427590; 0.000000; 0.000000; 0.000000
1273698977942744; GYRO; 0.007034; 0.061191; -0.263946; 0.000000; 0.000000; 0.000000
1273698997933369; ACC; 1.034295; 2.987964; 8.734048; 0.000000; 0.000000; 0.000000
1273698997933369; GYRO; 0.001728; 0.058119; -0.274226; 0.000000; 0.000000; 0.000000
1273699017956807; ACC; 0.957681; 3.141193; 9.040505; 0.000000; 0.000000; 0.000000
1273699017956807; GYRO; -0.000436; 0.055781; -0.297893; 0.000000; 0.000000; 0.000000
1273699037945869; ACC; 1.072602; 3.294421; 9.078813; 0.000000; 0.000000; 0.000000
1273699037945869; GYRO; 0.006405; 0.057456; -0.334649; 0.000000; 0.000000; 0.000000
1273699057936494; ACC; 1.187524; 3.256114; 9.500193; 0.000000; 0.000000; 0.000000
1273699057936494; GYRO; 0.016162; 0.060755; -0.381895; 0.000000; 0.000000; 0.000000
1273699077928682; ACC; 1.340753; 3.447650; 9.921572; 0.000000; 0.000000; 0.000000
1273699077928682; GYRO; 0.022811; 0.068120; -0.433540; 0.000000; 0.000000; 0.000000
1273699097950557; ACC; 1.379060; 3.294421; 10.687716; 0.000000; 0.000000; 0.000000
1273699097950557; GYRO; 0.023824; 0.078313; -0.482200; 0.000000; 0.000000; 0.000000
1273699117941182; ACC; 1.034295; 3.064578; 11.798626; 0.000000; 0.000000; 0.000000
1273699117941182; GYRO; 0.021625; 0.090076; -0.515291; 0.000000; 0.000000; 0.000000
1273699137931807; ACC; 0.766145; 2.949656; 12.449849; 0.000000; 0.000000; 0.000000
1273699137931807; GYRO; 0.019338; 0.100444; -0.533128; 0.000000; 0.000000; 0.000000
1273699157953682; ACC; 0.766145; 2.987964; 12.986150; 0.000000; 0.000000; 0.000000
1273699157953682; GYRO; 0.026756; 0.104598; -0.546323; 0.000000; 0.000000; 0.000000
1273699177945869; ACC; 0.842759; 2.834735; 13.101071; 0.000000; 0.000000; 0.000000
1273699177945869; GYRO; 0.013439; 0.117164; -0.550878; 0.000000; 0.000000; 0.000000
1273699197936494; ACC; 0.766145; 2.604892; 13.177686; 0.000000; 0.000000; 0.000000
1273699197936494; GYRO; -0.008814; 0.130568; -0.562764; 0.000000; 0.000000; 0.000000
1273699217927119; ACC; 0.344765; 2.451663; 13.254301; 0.000000; 0.000000; 0.000000
1273699217927119; GYRO; -0.033685; 0.150500; -0.576430; 0.000000; 0.000000; 0.000000
1273699237948994; ACC; -0.191536; 1.991976; 13.867216; 0.000000; 0.000000; 0.000000
1273699237948994; GYRO; -0.065729; 0.174481; -0.590235; 0.000000; 0.000000; 0.000000
1273699257939619; ACC; -0.306458; 1.110910; 14.518439; 0.000000; 0.000000; 0.000000
1273699257939619; GYRO; -0.107058; 0.197851; -0.601406; 0.000000; 0.000000; 0.000000
1273699277931807; ACC; -0.497994; 0.497994; 14.326903; 0.000000; 0.000000; 0.000000
1273699277931807; GYRO; -0.148318; 0.214902; -0.586256; 0.000000; 0.000000; 0.000000
1273699297953682; ACC; -0.766145; 0.268151; 13.254301; 0.000000; 0.000000; 0.000000
1273699297953682; GYRO; -0.179245; 0.219091; -0.554491; 0.000000; 0.000000; 0.000000
1273699317944307; ACC; -0.957681; 0.268151; 10.879252; 0.000000; 0.000000; 0.000000
1273699317944307; GYRO; -0.183155; 0.213192; -0.527945; 0.000000; 0.000000; 0.000000
1273699337934932; ACC; -1.034295; 0.383072; 8.389283; 0.000000; 0.000000; 0.000000
1273699337934932; GYRO; -0.186785; 0.207816; -0.504453; 0.000000; 0.000000; 0.000000
1273699357927119; ACC; -1.264138; 0.727837; 7.125144; 0.000000; 0.000000; 0.000000
1273699357927119; GYRO; -0.197379; 0.208846; -0.480908; 0.000000; 0.000000; 0.000000
1273699377947432; ACC; -1.493982; 0.842759; 7.278373; 0.000000; 0.000000; 0.000000
1273699377947432; GYRO; -0.215967; 0.217485; -0.467731; 0.000000; 0.000000; 0.000000
1273699397939619; ACC; -1.800440; 0.881066; 7.776367; 0.000000; 0.000000; 0.000000
1273699397939619; GYRO; -0.235550; 0.234310; -0.464013; 0.000000; 0.000000; 0.000000
1273699417930244; ACC; -1.762132; 0.574608; 7.814674; 0.000000; 0.000000; 0.000000
1273699417930244; GYRO; -0.252497; 0.256912; -0.463402; 0.000000; 0.000000; 0.000000
1273699437952119; ACC; -1.570596; 0.306458; 7.584831; 0.000000; 0.000000; 0.000000
1273699437952119; GYRO; -0.266774; 0.279445; -0.465514; 0.000000; 0.000000; 0.000000
1273699457944307; ACC; -1.264138; 0.229843; 6.550536; 0.000000; 0.000000; 0.000000
1273699457944307; GYRO; -0.277595; 0.298748; -0.458044; 0.000000; 0.000000; 0.000000
1273699477934932; ACC; -0.919373; 0.268151; 5.669470; 0.000000; 0.000000; 0.000000
1273699477934932; GYRO; -0.282953; 0.311663; -0.433645; 0.000000; 0.000000; 0.000000
1273699497956807; ACC; -0.804452; 0.651223; 5.209783; 0.000000; 0.000000; 0.000000
1273699497956807; GYRO; -0.279253; 0.316655; -0.398371; 0.000000; 0.000000; 0.000000
1273699517947432; ACC; -0.804452; 1.110910; 5.094861; 0.000000; 0.000000; 0.000000
1273699517947432; GYRO; -0.266006; 0.316742; -0.358176; 0.000000; 0.000000; 0.000000
1273699537938057; ACC; -0.804452; 1.379060; 5.324705; 0.000000; 0.000000; 0.000000
1273699537938057; GYRO; -0.247837; 0.313444; -0.332572; 0.000000; 0.000000; 0.000000
1273699557928682; ACC; -0.881066; 1.647211; 6.129156; 0.000000; 0.000000; 0.000000
1273699557928682; GYRO; -0.227905; 0.309517; -0.314473; 0.000000; 0.000000; 0.000000
1273699577952119; ACC; -0.881066; 1.685518; 6.665458; 0.000000; 0.000000; 0.000000
1273699577952119; GYRO; -0.209370; 0.309778; -0.283145; 0.000000; 0.000000; 0.000000
1273699597942744; ACC; -0.919373; 1.877054; 6.895301; 0.000000; 0.000000; 0.000000
1273699597942744; GYRO; -0.192876; 0.309412; -0.258832; 0.000000; 0.000000; 0.000000
1273699617933369; ACC; -0.689530; 2.030283; 7.010222; 0.000000; 0.000000; 0.000000
1273699617933369; GYRO; -0.179280; 0.307126; -0.238813; 0.000000; 0.000000; 0.000000
1273699637955244; ACC; -0.574608; 2.145205; 7.278373; 0.000000; 0.000000; 0.000000
1273699637955244; GYRO; -0.168180; 0.306201; -0.212407; 0.000000; 0.000000; 0.000000
1273699657945869; ACC; -0.651223; 2.375048; 8.350976; 0.000000; 0.000000; 0.000000
1273699657945869; GYRO; -0.160658; 0.308120; -0.180310; 0.000000; 0.000000; 0.000000
1273699677936494; ACC; -0.651223; 2.528277; 9.040505; 0.000000; 0.000000; 0.000000
1273699677936494; GYRO; -0.156748; 0.312466; -0.149505; 0.000000; 0.000000; 0.000000
1273699697928682; ACC; -0.497994; 2.796427; 9.078813; 0.000000; 0.000000; 0.000000
1273699697928682; GYRO; -0.152489; 0.317632; -0.120183; 0.000000; 0.000000; 0.000000
1273699717950557; ACC; -0.383072; 2.987964; 8.963891; 0.000000; 0.000000; 0.000000
1273699717950557; GYRO; -0.147323; 0.323636; -0.086917; 0.000000; 0.000000; 0.000000
1273699737941182; ACC; -0.268151; 3.064578; 9.232041; 0.000000; 0.000000; 0.000000
1273699737941182; GYRO; -0.139295; 0.326935; -0.057631; 0.000000; 0.000000; 0.000000
1273699757931807; ACC; 0.153229; 2.987964; 10.304645; 0.000000; 0.000000; 0.000000
1273699757931807; GYRO; -0.128666; 0.320128; -0.030578; 0.000000; 0.000000; 0.000000
1273699777955244; ACC; 0.383072; 2.987964; 10.955867; 0.000000; 0.000000; 0.000000
1273699777955244; GYRO; -0.115837; 0.304752; -0.007261; 0.000000; 0.000000; 0.000000
1273699797945869; ACC; 0.459687; 3.026271; 11.415554; 0.000000; 0.000000; 0.000000
1273699797945869; GYRO; -0.102451; 0.288765; 0.023073; 0.000000; 0.000000; 0.000000
1273699817936494; ACC; 0.536301; 2.873042; 11.683704; 0.000000; 0.000000; 0.000000
1273699817936494; GYRO; -0.089431; 0.273388; 0.053948; 0.000000; 0.000000; 0.000000
1273699837927119; ACC; 0.689530; 2.987964; 11.607090; 0.000000; 0.000000; 0.000000
1273699837927119; GYRO; -0.075939; 0.258728; 0.088907; 0.000000; 0.000000; 0.000000
1273699857948994; ACC; 0.919373; 3.485958; 10.955867; 0.000000; 0.000000; 0.000000
1273699857948994; GYRO; -0.060231; 0.239180; 0.107041; 0.000000; 0.000000; 0.000000
1273699877939619; ACC; 1.264138; 3.754108; 10.342952; 0.000000; 0.000000; 0.000000
1273699877939619; GYRO; -0.044907; 0.219807; 0.128177; 0.000000; 0.000000; 0.000000
1273699897931807; ACC; 1.379060; 3.409343; 10.955867; 0.000000; 0.000000; 0.000000
1273699897931807; GYRO; -0.022585; 0.204099; 0.146328; 0.000000; 0.000000; 0.000000
1273699917953682; ACC; 1.379060; 2.681506; 13.330915; 0.000000; 0.000000; 0.000000
1273699917953682; GYRO; 0.007138; 0.186960; 0.155718; 0.000000; 0.000000; 0.000000
1273699937944307; ACC; 1.647211; 1.685518; 15.169662; 0.000000; 0.000000; 0.000000
1273699937944307; GYRO; 0.036669; 0.158144; 0.181741; 0.000000; 0.000000; 0.000000
1273699957934932; ACC; 2.068590; 0.957681; 14.480132; 0.000000; 0.000000; 0.000000
1273699957934932; GYRO; 0.058730; 0.112609; 0.218358; 0.000000; 0.000000; 0.000000
1273699977927119; ACC; 2.528277; 0.766145; 11.645397; 0.000000; 0.000000; 0.000000
1273699977927119; GYRO; 0.072257; 0.053320; 0.279113; 0.000000; 0.000000; 0.000000
1273699997948994; ACC; 2.681506; 0.957681; 8.695741; 0.000000; 0.000000; 0.000000
1273699997948994; GYRO; 0.079954; -0.015708; 0.353586; 0.000000; 0.000000; 0.000000
1273700017939619; ACC; 2.489970; 1.417367; 6.627151; 0.000000; 0.000000; 0.000000
1273700017939619; GYRO; 0.086935; -0.085312; 0.430520; 0.000000; 0.000000; 0.000000
1273700037930244; ACC; 2.413355; 1.608904; 6.129156; 0.000000; 0.000000; 0.000000
1273700037930244; GYRO; 0.091298; -0.147236; 0.484678; 0.000000; 0.000000; 0.000000
1273700057952119; ACC; 1.991976; 1.570596; 7.469909; 0.000000; 0.000000; 0.000000
1273700057952119; GYRO; 0.096831; -0.197676; 0.522080; 0.000000; 0.000000; 0.000000
1273700077944307; ACC; 1.915361; 1.302446; 7.738060; 0.000000; 0.000000; 0.000000
1273700077944307; GYRO; 0.101473; -0.233857; 0.544927; 0.000000; 0.000000; 0.000000
1273700097934932; ACC; 1.838747; 1.034295; 7.852982; 0.000000; 0.000000; 0.000000
1273700097934932; GYRO; 0.102259; -0.254399; 0.542623; 0.000000; 0.000000; 0.000000
1273700117925557; ACC; 1.723825; 1.034295; 7.661446; 0.000000; 0.000000; 0.000000
1273700117925557; GYRO; 0.103358; -0.269426; 0.541384; 0.000000; 0.000000; 0.000000
1273700137947432; ACC; 1.762132; 1.302446; 7.125144; 0.000000; 0.000000; 0.000000
1273700137947432; GYRO; 0.101753; -0.276722; 0.523267; 0.000000; 0.000000; 0.000000
1273700157938057; ACC; 1.685518; 1.493982; 6.320693; 0.000000; 0.000000; 0.000000
1273700157938057; GYRO; 0.099484; -0.280125; 0.507629; 0.000000; 0.000000; 0.000000
1273700177930244; ACC; 1.685518; 1.570596; 6.052542; 0.000000; 0.000000; 0.000000
1273700177930244; GYRO; 0.096395; -0.282726; 0.491991; 0.000000; 0.000000; 0.000000
1273700197950557; ACC; 1.532289; 1.608904; 6.282385; 0.000000; 0.000000; 0.000000
1273700197950557; GYRO; 0.092328; -0.285292; 0.475253; 0.000000; 0.000000; 0.000000
1273700217942744; ACC; 1.455675; 1.608904; 6.359000; 0.000000; 0.000000; 0.000000
1273700217942744; GYRO; 0.088174; -0.288503; 0.457905; 0.000000; 0.000000; 0.000000
1273700237933369; ACC; 1.379060; 1.647211; 6.742072; 0.000000; 0.000000; 0.000000
1273700237933369; GYRO; 0.083444; -0.290719; 0.447659; 0.000000; 0.000000; 0.000000
1273700257955244; ACC; 1.110910; 1.991976; 6.780379; 0.000000; 0.000000; 0.000000
1273700257955244; GYRO; 0.078679; -0.289742; 0.431777; 0.000000; 0.000000; 0.000000
1273700277947432; ACC; 0.881066; 2.413355; 6.933608; 0.000000; 0.000000; 0.000000
1273700277947432; GYRO; 0.074787; -0.285571; 0.409699; 0.000000; 0.000000; 0.000000
1273700297938057; ACC; 0.689530; 2.643199; 7.163452; 0.000000; 0.000000; 0.000000
1273700297938057; GYRO; 0.071262; -0.280457; 0.379312; 0.000000; 0.000000; 0.000000
1273700317928682; ACC; 0.459687; 2.566584; 7.929596; 0.000000; 0.000000; 0.000000
1273700317928682; GYRO; 0.065607; -0.273615; 0.338454; 0.000000; 0.000000; 0.000000
1273700337950557; ACC; 0.344765; 2.413355; 9.117120; 0.000000; 0.000000; 0.000000
1273700337950557; GYRO; 0.059708; -0.263737; 0.298853; 0.000000; 0.000000; 0.000000
1273700357941182; ACC; 0.229843; 2.375048; 10.228029; 0.000000; 0.000000; 0.000000
1273700357941182; GYRO; 0.052918; -0.251118; 0.261799; 0.000000; 0.000000; 0.000000
1273700377931807; ACC; 0.344765; 2.260126; 10.611102; 0.000000; 0.000000; 0.000000
1273700377931807; GYRO; 0.045797; -0.236405; 0.231675; 0.000000; 0.000000; 0.000000
1273700397955244; ACC; 0.344765; 2.260126; 10.419566; 0.000000; 0.000000; 0.000000
1273700397955244; GYRO; 0.035779; -0.218760; 0.203366; 0.000000; 0.000000; 0.000000
1273700417945869; ACC; 0.268151; 2.221819; 10.304645; 0.000000; 0.000000; 0.000000
1273700417945869; GYRO; 0.021502; -0.200015; 0.174725; 0.000000; 0.000000; 0.000000
1273700437936494; ACC; 0.076614; 2.451663; 10.534488; 0.000000; 0.000000; 0.000000
1273700437936494; GYRO; 0.004992; -0.180781; 0.149697; 0.000000; 0.000000; 0.000000
1273700457927119; ACC; 0.038307; 2.221819; 10.994174; 0.000000; 0.000000; 0.000000
1273700457927119; GYRO; -0.012392; -0.163136; 0.125507; 0.000000; 0.000000; 0.000000
1273700477950557; ACC; -0.191536; 1.838747; 11.645397; 0.000000; 0.000000; 0.000000
1273700477950557; GYRO; -0.033580; -0.147411; 0.101456; 0.000000; 0.000000; 0.000000
1273700497941182; ACC; -0.459687; 1.915361; 12.296620; 0.000000; 0.000000; 0.000000
1273700497941182; GYRO; -0.057177; -0.132662; 0.094143; 0.000000; 0.000000; 0.000000
1273700517931807; ACC; -0.881066; 2.489970; 12.488156; 0.000000; 0.000000; 0.000000
1273700517931807; GYRO; -0.077004; -0.111631; 0.066253; 0.000000; 0.000000; 0.000000
1273700537953682; ACC; -0.881066; 2.873042; 11.683704; 0.000000; 0.000000; 0.000000
1273700537953682; GYRO; -0.086307; -0.077074; 0.024749; 0.000000; 0.000000; 0.000000
1273700557944307; ACC; -0.842759; 2.796427; 11.300632; 0.000000; 0.000000; 0.000000
1273700557944307; GYRO; -0.087144; -0.034645; -0.034331; 0.000000; 0.000000; 0.000000
1273700577934932; ACC; -1.072602; 2.106898; 12.603078; 0.000000; 0.000000; 0.000000
1273700577934932; GYRO; -0.083060; 0.012985; -0.096011; 0.000000; 0.000000; 0.000000
1273700597927119; ACC; -1.417367; 1.340753; 15.054740; 0.000000; 0.000000; 0.000000
1273700597927119; GYRO; -0.078592; 0.064158; -0.163171; 0.000000; 0.000000; 0.000000
1273700617948994; ACC; -1.570596; 0.574608; 16.012421; 0.000000; 0.000000; 0.000000
1273700617948994; GYRO; -0.076585; 0.118316; -0.225828; 0.000000; 0.000000; 0.000000
1273700637939619; ACC; -1.034295; 0.076614; 14.135366; 0.000000; 0.000000; 0.000000
1273700637939619; GYRO; -0.081123; 0.161268; -0.279741; 0.000000; 0.000000; 0.000000
1273700657930244; ACC; -0.574608; 0.038307; 11.377247; 0.000000; 0.000000; 0.000000
1273700657930244; GYRO; -0.091961; 0.192021; -0.305817; 0.000000; 0.000000; 0.000000
1273700677953682; ACC; -0.651223; 0.114922; 8.963891; 0.000000; 0.000000; 0.000000
1273700677953682; GYRO; -0.104755; 0.214152; -0.328104; 0.000000; 0.000000; 0.000000
1273700697944307; ACC; -0.804452; 0.459687; 7.010222; 0.000000; 0.000000; 0.000000
1273700697944307; GYRO; -0.108891; 0.228813; -0.345628; 0.000000; 0.000000; 0.000000
1273700717934932; ACC; -1.264138; 0.689530; 6.320693; 0.000000; 0.000000; 0.000000
1273700717934932; GYRO; -0.111317; 0.243753; -0.358107; 0.000000; 0.000000; 0.000000
1273700737925557; ACC; -1.417367; 0.842759; 6.895301; 0.000000; 0.000000; 0.000000
1273700737925557; GYRO; -0.113307; 0.259338; -0.369486; 0.000000; 0.000000; 0.000000
1273700757947432; ACC; -1.493982; 0.766145; 7.278373; 0.000000; 0.000000; 0.000000
1273700757947432; GYRO; -0.115227; 0.274575; -0.378213; 0.000000; 0.000000; 0.000000
1273700777939619; ACC; -1.379060; 0.574608; 7.240066; 0.000000; 0.000000; 0.000000
1273700777939619; GYRO; -0.118770; 0.289463; -0.385735; 0.000000; 0.000000; 0.000000
1273700797930244; ACC; -1.187524; 0.497994; 6.818686; 0.000000; 0.000000; 0.000000
1273700797930244; GYRO; -0.124267; 0.304333; -0.391268; 0.000000; 0.000000; 0.000000
1273700817952119; ACC; -0.842759; 0.766145; 6.129156; 0.000000; 0.000000; 0.000000
1273700817952119; GYRO; -0.128648; 0.316882; -0.392228; 0.000000; 0.000000; 0.000000
1273700837942744; ACC; -0.536301; 1.072602; 5.707777; 0.000000; 0.000000; 0.000000
1273700837942744; GYRO; -0.129678; 0.323968; -0.381895; 0.000000; 0.000000; 0.000000
1273700857933369; ACC; -0.383072; 1.187524; 5.861006; 0.000000; 0.000000; 0.000000
1273700857933369; GYRO; -0.127514; 0.326028; -0.358229; 0.000000; 0.000000; 0.000000
1273700877956807; ACC; -0.268151; 1.340753; 6.014235; 0.000000; 0.000000; 0.000000
1273700877956807; GYRO; -0.122592; 0.324265; -0.321455; 0.000000; 0.000000; 0.000000
1273700897947432; ACC; -0.229843; 1.762132; 6.282385; 0.000000; 0.000000; 0.000000
1273700897947432; GYRO; -0.115907; 0.318453; -0.276129; 0.000000; 0.000000; 0.000000
1273700917938057; ACC; -0.191536; 2.030283; 6.703765; 0.000000; 0.000000; 0.000000
1273700917938057; GYRO; -0.109589; 0.308871; -0.231151; 0.000000; 0.000000; 0.000000
1273700937928682; ACC; -0.191536; 2.183512; 7.125144; 0.000000; 0.000000; 0.000000
1273700937928682; GYRO; -0.104580; 0.297701; -0.184499; 0.000000; 0.000000; 0.000000
1273700957950557; ACC; -0.191536; 2.451663; 7.699753; 0.000000; 0.000000; 0.000000
1273700957950557; GYRO; -0.098419; 0.285326; -0.135525; 0.000000; 0.000000; 0.000000
1273700977942744; ACC; -0.229843; 2.758120; 8.121132; 0.000000; 0.000000; 0.000000
1273700977942744; GYRO; -0.088191; 0.271346; -0.096639; 0.000000; 0.000000; 0.000000
1273700997933369; ACC; -0.268151; 2.681506; 8.619126; 0.000000; 0.000000; 0.000000
1273700997933369; GYRO; -0.076114; 0.258588; -0.055746; 0.000000; 0.000000; 0.000000
1273701017956807; ACC; -0.229843; 2.566584; 8.734048; 0.000000; 0.000000; 0.000000
1273701017956807; GYRO; -0.063041; 0.246266; -0.025936; 0.000000; 0.000000; 0.000000
1273701037947432; ACC; -0.421380; 2.719813; 8.619126; 0.000000; 0.000000; 0.000000
1273701037947432; GYRO; -0.050807; 0.237190; 0.003892; 0.000000; 0.000000; 0.000000
1273701057936494; ACC; -0.727837; 3.026271; 8.925584; 0.000000; 0.000000; 0.000000
1273701057936494; GYRO; -0.041486; 0.231797; 0.034296; 0.000000; 0.000000; 0.000000
1273701077927119; ACC; -0.612916; 3.141193; 9.040505; 0.000000; 0.000000; 0.000000
1273701077927119; GYRO; -0.033301; 0.227067; 0.064315; 0.000000; 0.000000; 0.000000
1273701097950557; ACC; -0.306458; 2.987964; 8.963891; 0.000000; 0.000000; 0.000000
1273701097950557; GYRO; -0.019478; 0.220906; 0.092485; 0.000000; 0.000000; 0.000000
1273701117939619; ACC; -0.038307; 2.873042; 8.695741; 0.000000; 0.000000; 0.000000
1273701117939619; GYRO; 0.002147; 0.213611; 0.126624; 0.000000; 0.000000; 0.000000
1273701137931807; ACC; 0.114922; 2.911349; 8.542512; 0.000000; 0.000000; 0.000000
1273701137931807; GYRO; 0.028938; 0.202947; 0.150028; 0.000000; 0.000000; 0.000000
1273701157953682; ACC; 0.229843; 3.064578; 8.848969; 0.000000; 0.000000; 0.000000
1273701157953682; GYRO; 0.052849; 0.190991; 0.176383; 0.000000; 0.000000; 0.000000
1273701177945869; ACC; 0.306458; 3.217807; 9.844957; 0.000000; 0.000000; 0.000000
1273701177945869; GYRO; 0.068295; 0.177168; 0.194918; 0.000000; 0.000000; 0.000000
1273701197936494; ACC; 0.038307; 3.179500; 10.955867; 0.000000; 0.000000; 0.000000
1273701197936494; GYRO; 0.074822; 0.167639; 0.216019; 0.000000; 0.000000; 0.000000
1273701217927119; ACC; 0.153229; 3.332729; 10.917560; 0.000000; 0.000000; 0.000000
1273701217927119; GYRO; 0.085661; 0.153292; 0.236632; 0.000000; 0.000000; 0.000000
1273701237948994; ACC; 0.268151; 3.754108; 10.649409; 0.000000; 0.000000; 0.000000
1273701237948994; GYRO; 0.111980; 0.131074; 0.258326; 0.000000; 0.000000; 0.000000
1273701257939619; ACC; 0.689530; 3.945644; 11.032481; 0.000000; 0.000000; 0.000000
1273701257939619; GYRO; 0.153065; 0.097564; 0.276722; 0.000000; 0.000000; 0.000000
1273701277930244; ACC; 1.340753; 3.830723; 11.875240; 0.000000; 0.000000; 0.000000
1273701277930244; GYRO; 0.197781; 0.056130; 0.303234; 0.000000; 0.000000; 0.000000
1273701297953682; ACC; 1.570596; 3.256114; 12.373235; 0.000000; 0.000000; 0.000000
1273701297953682; GYRO; 0.235724; 0.011851; 0.325853; 0.000000; 0.000000; 0.000000
1273701317944307; ACC; 1.647211; 2.030283; 13.790602; 0.000000; 0.000000; 0.000000
1273701317944307; GYRO; 0.253544; -0.025761; 0.364111; 0.000000; 0.000000; 0.000000
1273701337934932; ACC; 1.800440; 1.072602; 15.016433; 0.000000; 0.000000; 0.000000
1273701337934932; GYRO; 0.249565; -0.055571; 0.406993; 0.000000; 0.000000; 0.000000
1273701357925557; ACC; 1.953669; 1.225831; 14.863204; 0.000000; 0.000000; 0.000000
1273701357925557; GYRO; 0.206088; -0.106064; 0.474311; 0.000000; 0.000000; 0.000000
1273701377947432; ACC; 1.877054; 1.340753; 13.369223; 0.000000; 0.000000; 0.000000
1273701377947432; GYRO; 0.166382; -0.143012; 0.520091; 0.000000; 0.000000; 0.000000
1273701397938057; ACC; 2.068590; 1.149217; 10.649409; 0.000000; 0.000000; 0.000000
1273701397938057; GYRO; 0.147725; -0.149941; 0.518275; 0.000000; 0.000000; 0.000000
1273701417930244; ACC; 2.221819; 1.187524; 8.159439; 0.000000; 0.000000; 0.000000
1273701417930244; GYRO; 0.131004; -0.168005; 0.522813; 0.000000; 0.000000; 0.000000
1273701437952119; ACC; 2.260126; 1.225831; 5.937620; 0.000000; 0.000000; 0.000000
1273701437952119; GYRO; 0.121405; -0.192056; 0.529585; 0.000000; 0.000000; 0.000000
1273701457942744; ACC; 2.030283; 1.264138; 5.477933; 0.000000; 0.000000; 0.000000
1273701457942744; GYRO; 0.115558; -0.214187; 0.534664; 0.000000; 0.000000; 0.000000
1273701477933369; ACC; 1.647211; 1.455675; 6.435614; 0.000000; 0.000000; 0.000000
1273701477933369; GYRO; 0.108804; -0.228341; 0.534193; 0.000000; 0.000000; 0.000000
1273701497956807; ACC; 1.417367; 1.647211; 7.469909; 0.000000; 0.000000; 0.000000
1273701497956807; GYRO; 0.101404; -0.235183; 0.525972; 0.000000; 0.000000; 0.000000
1273701517947432; ACC; 1.379060; 1.685518; 7.240066; 0.000000; 0.000000; 0.000000
1273701517947432; GYRO; 0.095365; -0.236422; 0.513406; 0.000000; 0.000000; 0.000000
1273701537938057; ACC; 1.493982; 1.838747; 6.933608; 0.000000; 0.000000; 0.000000
1273701537938057; GYRO; 0.090583; -0.236073; 0.496319; 0.000000; 0.000000; 0.000000
1273701557928682; ACC; 1.417367; 1.647211; 7.163452; 0.000000; 0.000000; 0.000000
1273701557928682; GYRO; 0.084456; -0.233700; 0.476615; 0.000000; 0.000000; 0.000000
1273701577950557; ACC; 1.379060; 1.570596; 7.431602; 0.000000; 0.000000; 0.000000
1273701577950557; GYRO; 0.076411; -0.229912; 0.457939; 0.000000; 0.000000; 0.000000
1273701597942744; ACC; 1.264138; 1.493982; 7.048530; 0.000000; 0.000000; 0.000000
1273701597942744; GYRO; 0.067422; -0.227399; 0.429526; 0.000000; 0.000000; 0.000000
1273701617933369; ACC; 1.110910; 1.723825; 6.856994; 0.000000; 0.000000; 0.000000
1273701617933369; GYRO; 0.060703; -0.223489; 0.400483; 0.000000; 0.000000; 0.000000
1273701637955244; ACC; 1.072602; 1.915361; 6.933608; 0.000000; 0.000000; 0.000000
1273701637955244; GYRO; 0.057055; -0.218637; 0.374181; 0.000000; 0.000000; 0.000000
1273701657945869; ACC; 0.957681; 2.068590; 6.780379; 0.000000; 0.000000; 0.000000
1273701657945869; GYRO; 0.047997; -0.214920; 0.339205; 0.000000; 0.000000; 0.000000
1273701677936494; ACC; 0.919373; 2.030283; 6.550536; 0.000000; 0.000000; 0.000000
1273701677936494; GYRO; 0.035221; -0.212878; 0.306567; 0.000000; 0.000000; 0.000000
1273701697928682; ACC; 0.842759; 2.030283; 6.588843; 0.000000; 0.000000; 0.000000
1273701697928682; GYRO; 0.023126; -0.213297; 0.284192; 0.000000; 0.000000; 0.000000
1273701717950557; ACC; 0.919373; 2.298434; 7.201759; 0.000000; 0.000000; 0.000000
1273701717950557; GYRO; 0.013928; -0.215426; 0.266931; 0.000000; 0.000000; 0.000000
1273701737941182; ACC; 1.110910; 2.413355; 7.967903; 0.000000; 0.000000; 0.000000
1273701737941182; GYRO; 0.006510; -0.219911; 0.239843; 0.000000; 0.000000; 0.000000
1273701757931807; ACC; 0.995988; 2.643199; 8.810662; 0.000000; 0.000000; 0.000000
1273701757931807; GYRO; -0.000716; -0.220749; 0.209405; 0.000000; 0.000000; 0.000000
1273701777953682; ACC; 0.995988; 2.643199; 9.423578; 0.000000; 0.000000; 0.000000
1273701777953682; GYRO; -0.009268; -0.217590; 0.185494; 0.000000; 0.000000; 0.000000
1273701797945869; ACC; 1.187524; 2.719813; 9.844957; 0.000000; 0.000000; 0.000000
1273701797945869; GYRO; -0.017471; -0.213977; 0.166871; 0.000000; 0.000000; 0.000000
1273701817936494; ACC; 1.532289; 2.719813; 9.921572; 0.000000; 0.000000; 0.000000
1273701817936494; GYRO; -0.023161; -0.212145; 0.159558; 0.000000; 0.000000; 0.000000
1273701837927119; ACC; 1.685518; 2.604892; 10.189722; 0.000000; 0.000000; 0.000000
1273701837927119; GYRO; -0.026948; -0.215670; 0.158947; 0.000000; 0.000000; 0.000000
1273701857948994; ACC; 1.991976; 2.106898; 10.496181; 0.000000; 0.000000; 0.000000
1273701857948994; GYRO; -0.034645; -0.223646; 0.159401; 0.000000; 0.000000; 0.000000
1273701877939619; ACC; 2.221819; 1.838747; 10.572795; 0.000000; 0.000000; 0.000000
1273701877939619; GYRO; -0.048433; -0.230680; 0.172334; 0.000000; 0.000000; 0.000000
