1273731527953682; ACC; 0.995988; 3.639187; 7.278373; 0.000000; 0.000000; 0.000000
1273731537933369; GYRO; -0.070703; 0.173887; -0.227137; 0.000000; 0.000000; 0.000000
1273731547944307; ACC; 1.685518; 3.371036; 6.703765; 0.000000; 0.000000; 0.000000
1273731557955244; GYRO; 0.000000; 0.000000; 0.000000; 0.000000; 0.000000; 0.000000
1273731567934932; ACC; 1.877054; 3.447650; 6.282385; 0.000000; 0.000000; 0.000000
1273731577947432; GYRO; 0.016354; -0.062588; -0.023248; 0.000000; 0.000000; 0.000000
1273731587925557; ACC; 1.762132; 3.447650; 7.163452; 0.000000; 0.000000; 0.000000
1273731597936494; GYRO; 0.015219; -0.102678; -0.041905; 0.000000; 0.000000; 0.000000
1273731607948994; ACC; 1.379060; 3.179500; 8.580819; 0.000000; 0.000000; 0.000000
1273731617928682; GYRO; 0.006196; -0.104231; -0.043703; 0.000000; 0.000000; 0.000000
1273731627939619; ACC; 1.034295; 3.141193; 9.385271; 0.000000; 0.000000; 0.000000
1273731637950557; GYRO; -0.103952; -0.039794; -0.001414; 0.000000; 0.000000; 0.000000
1273731647930244; ACC; 1.110910; 2.949656; 9.308656; 0.000000; 0.000000; 0.000000
1273731657941182; GYRO; -0.210399; 0.119223; 0.084980; 0.000000; 0.000000; 0.000000
1273731667952119; ACC; 1.149217; 3.026271; 8.810662; 0.000000; 0.000000; 0.000000
1273731677931807; GYRO; -0.225758; 0.143710; 0.100880; 0.000000; 0.000000; 0.000000
1273731687942744; ACC; 1.302446; 3.332729; 8.274361; 0.000000; 0.000000; 0.000000
1273731697955244; GYRO; -0.223734; 0.146590; 0.106517; 0.000000; 0.000000; 0.000000
1273731707934932; ACC; 1.532289; 3.371036; 8.082825; 0.000000; 0.000000; 0.000000
1273731717945869; GYRO; -0.210923; 0.142576; 0.105802; 0.000000; 0.000000; 0.000000
1273731727956807; ACC; 1.302446; 3.562572; 8.350976; 0.000000; 0.000000; 0.000000
1273731737936494; GYRO; -0.192876; 0.140115; 0.110846; 0.000000; 0.000000; 0.000000
1273731747947432; ACC; 1.149217; 3.409343; 8.504205; 0.000000; 0.000000; 0.000000
1273731757927119; GYRO; -0.177832; 0.147114; 0.122958; 0.000000; 0.000000; 0.000000
1273731767938057; ACC; 1.379060; 3.409343; 8.159439; 0.000000; 0.000000; 0.000000
1273731777948994; GYRO; -0.157324; 0.159052; 0.145107; 0.000000; 0.000000; 0.000000
1273731787928682; ACC; 1.608904; 3.677494; 8.274361; 0.000000; 0.000000; 0.000000
1273731797939619; GYRO; -0.132820; 0.164410; 0.164811; 0.000000; 0.000000; 0.000000
1273731807952119; ACC; 1.379060; 3.485958; 8.887277; 0.000000; 0.000000; 0.000000
1273731817931807; GYRO; -0.106622; 0.167237; 0.186646; 0.000000; 0.000000; 0.000000
1273731827942744; ACC; 1.034295; 3.102885; 9.538500; 0.000000; 0.000000; 0.000000
1273731837953682; GYRO; -0.089413; 0.173224; 0.205303; 0.000000; 0.000000; 0.000000
1273731847933369; ACC; 1.034295; 2.719813; 9.730036; 0.000000; 0.000000; 0.000000
1273731857944307; GYRO; -0.088558; 0.182649; 0.216718; 0.000000; 0.000000; 0.000000
1273731867955244; ACC; 1.493982; 2.758120; 9.423578; 0.000000; 0.000000; 0.000000
1273731877934932; GYRO; -0.094161; 0.191690; 0.234468; 0.000000; 0.000000; 0.000000
1273731887945869; ACC; 1.417367; 2.758120; 9.193734; 0.000000; 0.000000; 0.000000
1273731897927119; GYRO; -0.100147; 0.190014; 0.239302; 0.000000; 0.000000; 0.000000
1273731907936494; ACC; 0.842759; 2.911349; 9.078813; 0.000000; 0.000000; 0.000000
1273731917948994; GYRO; -0.101072; 0.185686; 0.238639; 0.000000; 0.000000; 0.000000
1273731927928682; ACC; 0.536301; 2.681506; 9.461885; 0.000000; 0.000000; 0.000000
1273731937939619; GYRO; -0.096831; 0.186296; 0.241100; 0.000000; 0.000000; 0.000000
1273731947950557; ACC; 1.149217; 2.413355; 9.768343; 0.000000; 0.000000; 0.000000
1273731957930244; GYRO; -0.097407; 0.188391; 0.241484; 0.000000; 0.000000; 0.000000
1273731967941182; ACC; 1.838747; 2.030283; 9.844957; 0.000000; 0.000000; 0.000000
1273731977952119; GYRO; -0.111753; 0.187239; 0.240053; 0.000000; 0.000000; 0.000000
1273731987931807; ACC; 2.145205; 1.493982; 9.883265; 0.000000; 0.000000; 0.000000
1273731997944307; GYRO; -0.139923; 0.174707; 0.227591; 0.000000; 0.000000; 0.000000
1273732007955244; ACC; 2.030283; 0.957681; 10.457873; 0.000000; 0.000000; 0.000000
1273732017934932; GYRO; -0.224763; 0.138090; 0.184080; 0.000000; 0.000000; 0.000000
1273732027945869; ACC; 1.915361; 0.919373; 11.262324; 0.000000; 0.000000; 0.000000
1273732037925557; GYRO; -0.224763; 0.138090; 0.184080; 0.000000; 0.000000; 0.000000
1273732047936494; ACC; 2.030283; 1.034295; 11.453861; 0.000000; 0.000000; 0.000000
1273732057947432; GYRO; -0.257907; 0.123726; 0.166923; 0.000000; 0.000000; 0.000000
1273732067927119; ACC; 1.953669; 1.149217; 11.415554; 0.000000; 0.000000; 0.000000
1273732077938057; GYRO; -0.283651; 0.115139; 0.155596; 0.000000; 0.000000; 0.000000
1273732087948994; ACC; 1.723825; 1.149217; 12.526464; 0.000000; 0.000000; 0.000000
1273732097930244; GYRO; -0.301541; 0.109694; 0.150779; 0.000000; 0.000000; 0.000000
1273732107939619; ACC; 1.570596; 0.612916; 13.828909; 0.000000; 0.000000; 0.000000
1273732117952119; GYRO; -0.315643; 0.101683; 0.142419; 0.000000; 0.000000; 0.000000
1273732127931807; ACC; 1.800440; -0.344765; 14.211981; 0.000000; 0.000000; 0.000000
1273732137942744; GYRO; -0.342119; 0.097180; 0.139626; 0.000000; 0.000000; 0.000000
1273732147953682; ACC; 2.375048; -1.034295; 13.254301; 0.000000; 0.000000; 0.000000
1273732157933369; GYRO; -0.368387; 0.090251; 0.136380; 0.000000; 0.000000; 0.000000
1273732167944307; ACC; 2.643199; -1.110910; 11.913548; 0.000000; 0.000000; 0.000000
1273732177955244; GYRO; -0.392891; 0.077144; 0.126938; 0.000000; 0.000000; 0.000000
1273732187934932; ACC; 2.260126; -0.804452; 11.224017; 0.000000; 0.000000; 0.000000
1273732197947432; GYRO; -0.422056; 0.066096; 0.126170; 0.000000; 0.000000; 0.000000
1273732207927119; ACC; 1.953669; -0.268151; 10.113108; 0.000000; 0.000000; 0.000000
1273732217936494; GYRO; -0.450033; 0.058050; 0.124651; 0.000000; 0.000000; 0.000000
1273732227948994; ACC; 2.106898; -0.076614; 9.615114; 0.000000; 0.000000; 0.000000
1273732237928682; GYRO; -0.471431; 0.052657; 0.127688; 0.000000; 0.000000; 0.000000
1273732247939619; ACC; 2.068590; 0.076614; 9.921572; 0.000000; 0.000000; 0.000000
1273732257950557; GYRO; -0.488081; 0.044384; 0.125995; 0.000000; 0.000000; 0.000000
1273732267930244; ACC; 1.838747; 0.114922; 10.228029; 0.000000; 0.000000; 0.000000
1273732277942744; GYRO; -0.500124; 0.033109; 0.120707; 0.000000; 0.000000; 0.000000
1273732287952119; ACC; 1.838747; -0.153229; 9.768343; 0.000000; 0.000000; 0.000000
1273732297933369; GYRO; -0.508048; 0.019216; 0.109624; 0.000000; 0.000000; 0.000000
1273732307944307; ACC; 1.991976; -0.497994; 8.848969; 0.000000; 0.000000; 0.000000
1273732317953682; GYRO; -0.513773; 0.003368; 0.092694; 0.000000; 0.000000; 0.000000
1273732327934932; ACC; 2.183512; -0.689530; 7.776367; 0.000000; 0.000000; 0.000000
1273732337945869; GYRO; -0.524122; -0.014888; 0.067946; 0.000000; 0.000000; 0.000000
1273732347925557; ACC; 2.068590; -0.574608; 7.048530; 0.000000; 0.000000; 0.000000
1273732357936494; GYRO; -0.536043; -0.032132; 0.044366; 0.000000; 0.000000; 0.000000
1273732367947432; ACC; 1.762132; -0.229843; 6.473921; 0.000000; 0.000000; 0.000000
1273732377927119; GYRO; -0.546916; -0.046269; 0.022375; 0.000000; 0.000000; 0.000000
1273732387938057; ACC; 1.302446; 0.268151; 6.205771; 0.000000; 0.000000; 0.000000
1273732397950557; GYRO; -0.549814; -0.054856; 0.006999; 0.000000; 0.000000; 0.000000
1273732407928682; ACC; 1.072602; 0.574608; 6.167464; 0.000000; 0.000000; 0.000000
1273732417939619; GYRO; -0.543391; -0.058835; -0.006370; 0.000000; 0.000000; 0.000000
1273732427952119; ACC; 1.072602; 0.574608; 6.282385; 0.000000; 0.000000; 0.000000
1273732437931807; GYRO; -0.531540; -0.060895; -0.018309; 0.000000; 0.000000; 0.000000
1273732447942744; ACC; 1.379060; 0.383072; 6.703765; 0.000000; 0.000000; 0.000000
1273732457953682; GYRO; -0.522098; -0.063321; -0.031206; 0.000000; 0.000000; 0.000000
1273732467933369; ACC; 1.685518; 0.268151; 6.856994; 0.000000; 0.000000; 0.000000
1273732477944307; GYRO; -0.513476; -0.068836; -0.046007; 0.000000; 0.000000; 0.000000
1273732487955244; ACC; 1.762132; 0.459687; 7.048530; 0.000000; 0.000000; 0.000000
1273732497934932; GYRO; -0.501643; -0.077318; -0.062849; 0.000000; 0.000000; 0.000000
1273732507947432; ACC; 1.647211; 0.919373; 7.125144; 0.000000; 0.000000; 0.000000
1273732517927119; GYRO; -0.485167; -0.084422; -0.078941; 0.000000; 0.000000; 0.000000
1273732527936494; ACC; 1.991976; 1.379060; 7.201759; 0.000000; 0.000000; 0.000000
1273732537948994; GYRO; -0.464659; -0.088226; -0.086900; 0.000000; 0.000000; 0.000000
1273732547928682; ACC; 2.221819; 1.570596; 7.546524; 0.000000; 0.000000; 0.000000
1273732557939619; GYRO; -0.442424; -0.090862; -0.093550; 0.000000; 0.000000; 0.000000
1273732567950557; ACC; 2.260126; 1.340753; 8.350976; 0.000000; 0.000000; 0.000000
1273732577930244; GYRO; -0.423748; -0.097302; -0.107408; 0.000000; 0.000000; 0.000000
1273732587941182; ACC; 2.336741; 1.110910; 9.193734; 0.000000; 0.000000; 0.000000
1273732597953682; GYRO; -0.409943; -0.109659; -0.127863; 0.000000; 0.000000; 0.000000
1273732607933369; ACC; 2.451663; 1.149217; 9.653421; 0.000000; 0.000000; 0.000000
1273732617944307; GYRO; -0.397132; -0.125192; -0.152961; 0.000000; 0.000000; 0.000000
1273732627953682; ACC; 2.451663; 1.225831; 9.921572; 0.000000; 0.000000; 0.000000
1273732637934932; GYRO; -0.380080; -0.137672; -0.170449; 0.000000; 0.000000; 0.000000
1273732647945869; ACC; 2.528277; 1.532289; 10.151415; 0.000000; 0.000000; 0.000000
1273732657925557; GYRO; -0.353883; -0.144688; -0.177709; 0.000000; 0.000000; 0.000000
1273732667936494; ACC; 2.260126; 1.532289; 10.342952; 0.000000; 0.000000; 0.000000
1273732677947432; GYRO; -0.321943; -0.148283; -0.179699; 0.000000; 0.000000; 0.000000
1273732687927119; ACC; 1.723825; 1.225831; 11.338940; 0.000000; 0.000000; 0.000000
1273732697938057; GYRO; -0.289602; -0.144147; -0.175074; 0.000000; 0.000000; 0.000000
1273732707950557; ACC; 1.302446; 0.766145; 12.986150; 0.000000; 0.000000; 0.000000
1273732717930244; GYRO; -0.259792; -0.127688; -0.158842; 0.000000; 0.000000; 0.000000
1273732727939619; ACC; 1.072602; 0.612916; 13.867216; 0.000000; 0.000000; 0.000000
1273732737952119; GYRO; -0.233612; -0.109153; -0.142105; 0.000000; 0.000000; 0.000000
1273732747931807; ACC; 0.842759; 0.957681; 13.292608; 0.000000; 0.000000; 0.000000
1273732757942744; GYRO; -0.211377; -0.094736; -0.133692; 0.000000; 0.000000; 0.000000
1273732767953682; ACC; 0.268151; 1.379060; 12.373235; 0.000000; 0.000000; 0.000000
1273732777933369; GYRO; -0.192039; -0.083671; -0.132872; 0.000000; 0.000000; 0.000000
1273732787944307; ACC; -0.497994; 1.149217; 12.756307; 0.000000; 0.000000; 0.000000
1273732797955244; GYRO; -0.169698; -0.071716; -0.141407; 0.000000; 0.000000; 0.000000
1273732807934932; ACC; -0.651223; 0.229843; 13.828909; 0.000000; 0.000000; 0.000000
1273732817947432; GYRO; -0.136031; -0.037734; -0.135106; 0.000000; 0.000000; 0.000000
1273732827927119; ACC; -0.191536; -0.612916; 13.790602; 0.000000; 0.000000; 0.000000
1273732837938057; GYRO; -0.098943; 0.022951; -0.104039; 0.000000; 0.000000; 0.000000
1273732847948994; ACC; 0.344765; -0.919373; 12.143391; 0.000000; 0.000000; 0.000000
1273732857928682; GYRO; -0.072326; 0.084073; -0.068242; 0.000000; 0.000000; 0.000000
1273732867939619; ACC; 0.268151; -0.421380; 9.615114; 0.000000; 0.000000; 0.000000
1273732877950557; GYRO; -0.059516; 0.121527; -0.052953; 0.000000; 0.000000; 0.000000
1273732887930244; ACC; -0.229843; 0.459687; 7.278373; 0.000000; 0.000000; 0.000000
1273732897941182; GYRO; -0.046408; 0.153292; -0.028955; 0.000000; 0.000000; 0.000000
1273732907953682; ACC; -0.459687; 1.110910; 6.320693; 0.000000; 0.000000; 0.000000
1273732917931807; GYRO; -0.030578; 0.180659; -0.005201; 0.000000; 0.000000; 0.000000
1273732927944307; ACC; -0.689530; 1.340753; 6.703765; 0.000000; 0.000000; 0.000000
1273732937955244; GYRO; -0.013526; 0.201446; 0.010297; 0.000000; 0.000000; 0.000000
1273732947934932; ACC; -0.804452; 1.034295; 7.584831; 0.000000; 0.000000; 0.000000
1273732957945869; GYRO; 0.005742; 0.221186; 0.031765; 0.000000; 0.000000; 0.000000
1273732967925557; ACC; -0.612916; 0.804452; 8.082825; 0.000000; 0.000000; 0.000000
1273732977936494; GYRO; 0.026180; 0.240890; 0.056985; 0.000000; 0.000000; 0.000000
1273732987947432; ACC; -0.536301; 0.612916; 8.006210; 0.000000; 0.000000; 0.000000
1273732997928682; GYRO; 0.046461; 0.257506; 0.078906; 0.000000; 0.000000; 0.000000
1273733007938057; ACC; -0.344765; 0.689530; 7.546524; 0.000000; 0.000000; 0.000000
1273733017950557; GYRO; 0.083462; 0.283180; 0.113464; 0.000000; 0.000000; 0.000000
1273733027930244; ACC; -0.306458; 0.881066; 7.010222; 0.000000; 0.000000; 0.000000
1273733037939619; GYRO; 0.083462; 0.283180; 0.113464; 0.000000; 0.000000; 0.000000
1273733047952119; ACC; -0.497994; 1.149217; 6.818686; 0.000000; 0.000000; 0.000000
1273733057931807; GYRO; 0.094894; 0.282953; 0.123046; 0.000000; 0.000000; 0.000000
1273733067942744; ACC; -0.421380; 1.225831; 6.856994; 0.000000; 0.000000; 0.000000
1273733077953682; GYRO; 0.103899; 0.284576; 0.133971; 0.000000; 0.000000; 0.000000
1273733087933369; ACC; -0.421380; 1.072602; 7.240066; 0.000000; 0.000000; 0.000000
1273733097945869; GYRO; 0.110689; 0.287246; 0.143518; 0.000000; 0.000000; 0.000000
1273733107955244; ACC; -0.191536; 0.842759; 7.240066; 0.000000; 0.000000; 0.000000
1273733117934932; GYRO; 0.114511; 0.289376; 0.153345; 0.000000; 0.000000; 0.000000
1273733127947432; ACC; 0.191536; 0.727837; 6.933608; 0.000000; 0.000000; 0.000000
1273733137927119; GYRO; 0.118246; 0.298172; 0.168040; 0.000000; 0.000000; 0.000000
1273733147938057; ACC; 0.306458; 0.881066; 6.665458; 0.000000; 0.000000; 0.000000
1273733157948994; GYRO; 0.115768; 0.299097; 0.175458; 0.000000; 0.000000; 0.000000
1273733167928682; ACC; 0.038307; 1.340753; 6.588843; 0.000000; 0.000000; 0.000000
1273733177939619; GYRO; 0.109572; 0.300668; 0.181846; 0.000000; 0.000000; 0.000000
1273733187950557; ACC; -0.191536; 1.877054; 6.971915; 0.000000; 0.000000; 0.000000
1273733197930244; GYRO; 0.103550; 0.307963; 0.194185; 0.000000; 0.000000; 0.000000
1273733207942744; ACC; -0.268151; 1.915361; 7.814674; 0.000000; 0.000000; 0.000000
1273733217953682; GYRO; 0.099693; 0.321874; 0.215932; 0.000000; 0.000000; 0.000000
1273733227933369; ACC; 0.076614; 1.608904; 8.350976; 0.000000; 0.000000; 0.000000
1273733237944307; GYRO; 0.097372; 0.334824; 0.236998; 0.000000; 0.000000; 0.000000
1273733247955244; ACC; 0.459687; 1.493982; 8.504205; 0.000000; 0.000000; 0.000000
1273733257934932; GYRO; 0.094649; 0.342137; 0.258920; 0.000000; 0.000000; 0.000000
1273733267945869; ACC; 0.574608; 1.417367; 8.197746; 0.000000; 0.000000; 0.000000
1273733277925557; GYRO; 0.092084; 0.345261; 0.280789; 0.000000; 0.000000; 0.000000
1273733287936494; ACC; 0.421380; 1.685518; 8.580819; 0.000000; 0.000000; 0.000000
1273733297948994; GYRO; 0.089413; 0.345942; 0.298364; 0.000000; 0.000000; 0.000000
1273733307927119; ACC; 0.383072; 1.953669; 9.270349; 0.000000; 0.000000; 0.000000
1273733317938057; GYRO; 0.087616; 0.347373; 0.316550; 0.000000; 0.000000; 0.000000
1273733327950557; ACC; 0.881066; 1.915361; 9.615114; 0.000000; 0.000000; 0.000000
1273733337930244; GYRO; 0.087214; 0.342207; 0.332730; 0.000000; 0.000000; 0.000000
1273733347941182; ACC; 1.110910; 1.723825; 10.036493; 0.000000; 0.000000; 0.000000
1273733357952119; GYRO; 0.090181; 0.324108; 0.341893; 0.000000; 0.000000; 0.000000
1273733367931807; ACC; 1.072602; 1.455675; 11.032481; 0.000000; 0.000000; 0.000000
1273733377942744; GYRO; 0.096272; 0.301907; 0.351143; 0.000000; 0.000000; 0.000000
1273733387953682; ACC; 0.842759; 1.532289; 12.258312; 0.000000; 0.000000; 0.000000
1273733397933369; GYRO; 0.103079; 0.279410; 0.360184; 0.000000; 0.000000; 0.000000
1273733407944307; ACC; 0.536301; 1.340753; 13.101071; 0.000000; 0.000000; 0.000000
1273733417955244; GYRO; 0.106535; 0.257209; 0.363308; 0.000000; 0.000000; 0.000000
1273733427936494; ACC; 0.459687; 1.417367; 13.062764; 0.000000; 0.000000; 0.000000
1273733437947432; GYRO; 0.106238; 0.235253; 0.374146; 0.000000; 0.000000; 0.000000
1273733447927119; ACC; 0.421380; 1.608904; 12.794614; 0.000000; 0.000000; 0.000000
1273733457938057; GYRO; 0.109397; 0.215478; 0.387411; 0.000000; 0.000000; 0.000000
1273733467948994; ACC; 0.536301; 1.493982; 12.717999; 0.000000; 0.000000; 0.000000
1273733477928682; GYRO; 0.124041; 0.198618; 0.395422; 0.000000; 0.000000; 0.000000
1273733487939619; ACC; 0.421380; 0.766145; 13.254301; 0.000000; 0.000000; 0.000000
1273733497950557; GYRO; 0.146171; 0.179647; 0.406836; 0.000000; 0.000000; 0.000000
1273733507930244; ACC; 0.383072; 0.344765; 13.752295; 0.000000; 0.000000; 0.000000
1273733517942744; GYRO; 0.158965; 0.159244; 0.407691; 0.000000; 0.000000; 0.000000
1273733527953682; ACC; 0.344765; 0.076614; 13.024457; 0.000000; 0.000000; 0.000000
1273733537933369; GYRO; 0.156120; 0.137584; 0.395527; 0.000000; 0.000000; 0.000000
1273733547944307; ACC; 0.612916; 0.038307; 10.955867; 0.000000; 0.000000; 0.000000
1273733557955244; GYRO; 0.136415; 0.113691; 0.374984; 0.000000; 0.000000; 0.000000
1273733567934932; ACC; 0.842759; 0.383072; 8.887277; 0.000000; 0.000000; 0.000000
1273733577945869; GYRO; 0.105453; 0.086795; 0.349642; 0.000000; 0.000000; 0.000000
1273733587925557; ACC; 1.149217; 0.459687; 7.469909; 0.000000; 0.000000; 0.000000
1273733597938057; GYRO; 0.079796; 0.058573; 0.326673; 0.000000; 0.000000; 0.000000
1273733607947432; ACC; 0.919373; 0.459687; 7.010222; 0.000000; 0.000000; 0.000000
1273733617928682; GYRO; 0.062151; 0.028711; 0.299062; 0.000000; 0.000000; 0.000000
1273733627938057; ACC; 0.689530; 0.651223; 7.852982; 0.000000; 0.000000; 0.000000
1273733637950557; GYRO; 0.051766; -0.000384; 0.273441; 0.000000; 0.000000; 0.000000
1273733647930244; ACC; 0.497994; 0.689530; 8.542512; 0.000000; 0.000000; 0.000000
1273733657941182; GYRO; 0.045187; -0.025848; 0.247558; 0.000000; 0.000000; 0.000000
1273733667952119; ACC; 0.497994; 0.612916; 8.772355; 0.000000; 0.000000; 0.000000
1273733677931807; GYRO; 0.036774; -0.044942; 0.227539; 0.000000; 0.000000; 0.000000
1273733687942744; ACC; 0.421380; 0.651223; 8.274361; 0.000000; 0.000000; 0.000000
1273733697953682; GYRO; 0.027122; -0.061854; 0.202441; 0.000000; 0.000000; 0.000000
1273733707933369; ACC; 0.344765; 0.842759; 7.776367; 0.000000; 0.000000; 0.000000
1273733717945869; GYRO; 0.016493; -0.075643; 0.177151; 0.000000; 0.000000; 0.000000
1273733727956807; ACC; 0.421380; 1.225831; 7.469909; 0.000000; 0.000000; 0.000000
1273733737936494; GYRO; 0.007226; -0.086010; 0.156556; 0.000000; 0.000000; 0.000000
1273733747947432; ACC; 0.497994; 1.264138; 7.240066; 0.000000; 0.000000; 0.000000
1273733757927119; GYRO; 0.002356; -0.094265; 0.133954; 0.000000; 0.000000; 0.000000
1273733767938057; ACC; 0.804452; 1.149217; 7.010222; 0.000000; 0.000000; 0.000000
1273733777948994; GYRO; 0.001536; -0.099484; 0.111404; 0.000000; 0.000000; 0.000000
1273733787928682; ACC; 0.919373; 1.187524; 6.933608; 0.000000; 0.000000; 0.000000
1273733797939619; GYRO; 0.002147; -0.101648; 0.098140; 0.000000; 0.000000; 0.000000
1273733807950557; ACC; 0.727837; 1.264138; 7.010222; 0.000000; 0.000000; 0.000000
1273733817930244; GYRO; 0.002199; -0.102765; 0.081716; 0.000000; 0.000000; 0.000000
1273733827942744; ACC; 0.536301; 1.493982; 7.316680; 0.000000; 0.000000; 0.000000
1273733837953682; GYRO; 0.001065; -0.103655; 0.066445; 0.000000; 0.000000; 0.000000
1273733847933369; ACC; 0.536301; 1.685518; 7.469909; 0.000000; 0.000000; 0.000000
1273733857944307; GYRO; -0.000489; -0.106168; 0.050667; 0.000000; 0.000000; 0.000000
1273733867955244; ACC; 0.612916; 1.647211; 7.852982; 0.000000; 0.000000; 0.000000
1273733877934932; GYRO; -0.001693; -0.109607; 0.032236; 0.000000; 0.000000; 0.000000
1273733887945869; ACC; 0.727837; 1.417367; 8.274361; 0.000000; 0.000000; 0.000000
1273733897925557; GYRO; -0.003072; -0.109362; 0.004992; 0.000000; 0.000000; 0.000000
1273733907936494; ACC; 0.612916; 1.340753; 8.657434; 0.000000; 0.000000; 0.000000
1273733917947432; GYRO; -0.004922; -0.105994; -0.026075; 0.000000; 0.000000; 0.000000
1273733927928682; ACC; 0.421380; 1.417367; 9.002198; 0.000000; 0.000000; 0.000000
1273733937939619; GYRO; -0.007330; -0.100199; -0.053861; 0.000000; 0.000000; 0.000000
1273733947950557; ACC; 0.383072; 1.493982; 9.308656; 0.000000; 0.000000; 0.000000
1273733957930244; GYRO; -0.011746; -0.094213; -0.079465; 0.000000; 0.000000; 0.000000
1273733967941182; ACC; 0.383072; 1.647211; 9.576807; 0.000000; 0.000000; 0.000000
1273733977952119; GYRO; -0.017471; -0.085870; -0.096744; 0.000000; 0.000000; 0.000000
1273733987931807; ACC; 0.497994; 1.532289; 9.730036; 0.000000; 0.000000; 0.000000
1273733997944307; GYRO; -0.023161; -0.077981; -0.122784; 0.000000; 0.000000; 0.000000
1273734007953682; ACC; 0.536301; 1.493982; 10.074800; 0.000000; 0.000000; 0.000000
1273734017934932; GYRO; -0.026354; -0.066986; -0.161809; 0.000000; 0.000000; 0.000000
1273734027989619; ACC; 0.536301; 1.149217; 10.611102; 0.000000; 0.000000; 0.000000
1273734037956807; GYRO; -0.026354; -0.066986; -0.161809; 0.000000; 0.000000; 0.000000
1273734047936494; ACC; 0.497994; 0.842759; 10.994174; 0.000000; 0.000000; 0.000000
1273734057947432; GYRO; -0.028257; -0.055955; -0.162351; 0.000000; 0.000000; 0.000000
1273734067927119; ACC; 0.191536; 0.919373; 11.798626; 0.000000; 0.000000; 0.000000
1273734077938057; GYRO; -0.031433; -0.047002; -0.169855; 0.000000; 0.000000; 0.000000
1273734087948994; ACC; -0.268151; 1.187524; 12.564771; 0.000000; 0.000000; 0.000000
1273734097928682; GYRO; -0.032132; -0.036861; -0.171496; 0.000000; 0.000000; 0.000000
1273734107939619; ACC; -0.766145; 1.187524; 12.756307; 0.000000; 0.000000; 0.000000
1273734117950557; GYRO; -0.032481; -0.024278; -0.176924; 0.000000; 0.000000; 0.000000
1273734127931807; ACC; -0.766145; 1.264138; 12.488156; 0.000000; 0.000000; 0.000000
1273734137942744; GYRO; -0.031486; -0.008343; -0.186750; 0.000000; 0.000000; 0.000000
1273734147953682; ACC; -0.383072; 1.110910; 12.181698; 0.000000; 0.000000; 0.000000
1273734157933369; GYRO; -0.026651; 0.005061; -0.190817; 0.000000; 0.000000; 0.000000
1273734167944307; ACC; -0.268151; 0.727837; 12.679692; 0.000000; 0.000000; 0.000000
1273734177955244; GYRO; -0.020543; 0.014312; -0.193871; 0.000000; 0.000000; 0.000000
1273734187934932; ACC; -0.689530; 0.229843; 13.292608; 0.000000; 0.000000; 0.000000
1273734197945869; GYRO; -0.018867; 0.025115; -0.201935; 0.000000; 0.000000; 0.000000
1273734207925557; ACC; -0.689530; -0.229843; 13.407530; 0.000000; 0.000000; 0.000000
1273734217936494; GYRO; -0.020124; 0.041015; -0.202004; 0.000000; 0.000000; 0.000000
1273734227948994; ACC; -0.651223; -0.344765; 12.947843; 0.000000; 0.000000; 0.000000
1273734237928682; GYRO; -0.021852; 0.057544; -0.212651; 0.000000; 0.000000; 0.000000
1273734247938057; ACC; -0.651223; -0.076614; 11.415554; 0.000000; 0.000000; 0.000000
1273734257950557; GYRO; -0.022201; 0.077528; -0.207555; 0.000000; 0.000000; 0.000000
1273734267930244; ACC; -0.536301; 0.114922; 9.538500; 0.000000; 0.000000; 0.000000
1273734277941182; GYRO; -0.032009; 0.095365; -0.196035; 0.000000; 0.000000; 0.000000
1273734287952119; ACC; -0.651223; 0.191536; 7.699753; 0.000000; 0.000000; 0.000000
1273734297931807; GYRO; -0.035500; 0.106308; -0.180781; 0.000000; 0.000000; 0.000000
1273734307942744; ACC; -0.727837; -0.038307; 7.048530; 0.000000; 0.000000; 0.000000
1273734317953682; GYRO; -0.036949; 0.114162; -0.166417; 0.000000; 0.000000; 0.000000
1273734327933369; ACC; -1.034295; -0.038307; 7.891289; 0.000000; 0.000000; 0.000000
1273734337945869; GYRO; -0.036669; 0.124337; -0.144147; 0.000000; 0.000000; 0.000000
1273734347956807; ACC; -1.417367; 0.191536; 8.657434; 0.000000; 0.000000; 0.000000
1273734357936494; GYRO; -0.041609; 0.133902; -0.127374; 0.000000; 0.000000; 0.000000
1273734367947432; ACC; -1.647211; 0.153229; 8.810662; 0.000000; 0.000000; 0.000000
1273734377927119; GYRO; -0.051522; 0.147411; -0.110060; 0.000000; 0.000000; 0.000000
1273734387938057; ACC; -1.723825; 0.344765; 7.929596; 0.000000; 0.000000; 0.000000
1273734397948994; GYRO; -0.064944; 0.165544; -0.088069; 0.000000; 0.000000; 0.000000
1273734407928682; ACC; -1.532289; 0.574608; 7.048530; 0.000000; 0.000000; 0.000000
1273734417939619; GYRO; -0.077283; 0.188304; -0.061767; 0.000000; 0.000000; 0.000000
1273734427950557; ACC; -1.264138; 0.689530; 6.359000; 0.000000; 0.000000; 0.000000
1273734437931807; GYRO; -0.086272; 0.213070; -0.042377; 0.000000; 0.000000; 0.000000
1273734447942744; ACC; -0.919373; 0.727837; 5.822699; 0.000000; 0.000000; 0.000000
1273734457953682; GYRO; -0.091700; 0.232181; -0.017331; 0.000000; 0.000000; 0.000000
1273734467933369; ACC; -0.612916; 0.804452; 5.822699; 0.000000; 0.000000; 0.000000
1273734477944307; GYRO; -0.095400; 0.239529; -0.001484; 0.000000; 0.000000; 0.000000
1273734487955244; ACC; -0.536301; 1.110910; 6.167464; 0.000000; 0.000000; 0.000000
1273734497934932; GYRO; -0.098210; 0.236894; 0.008692; 0.000000; 0.000000; 0.000000
1273734507945869; ACC; -0.651223; 1.417367; 6.359000; 0.000000; 0.000000; 0.000000
1273734517927119; GYRO; -0.097162; 0.231692; 0.013736; 0.000000; 0.000000; 0.000000
1273734527936494; ACC; -0.766145; 1.762132; 6.627151; 0.000000; 0.000000; 0.000000
1273734537948994; GYRO; -0.090530; 0.229877; 0.031346; 0.000000; 0.000000; 0.000000
1273734547928682; ACC; -0.574608; 1.800440; 7.086837; 0.000000; 0.000000; 0.000000
1273734557939619; GYRO; -0.079727; 0.229930; 0.050807; 0.000000; 0.000000; 0.000000
1273734567950557; ACC; -0.191536; 1.570596; 8.082825; 0.000000; 0.000000; 0.000000
1273734577930244; GYRO; -0.068731; 0.226247; 0.075276; 0.000000; 0.000000; 0.000000
1273734587941182; ACC; 0.038307; 1.264138; 8.963891; 0.000000; 0.000000; 0.000000
1273734597952119; GYRO; -0.059970; 0.217049; 0.091193; 0.000000; 0.000000; 0.000000
1273734607931807; ACC; -0.229843; 1.340753; 9.883265; 0.000000; 0.000000; 0.000000
1273734617944307; GYRO; -0.054140; 0.205321; 0.101072; 0.000000; 0.000000; 0.000000
1273734627953682; ACC; -0.421380; 1.685518; 10.266336; 0.000000; 0.000000; 0.000000
1273734637934932; GYRO; -0.050196; 0.196507; 0.113883; 0.000000; 0.000000; 0.000000
1273734647945869; ACC; -0.459687; 1.915361; 10.266336; 0.000000; 0.000000; 0.000000
1273734657956807; GYRO; -0.046548; 0.191602; 0.122103; 0.000000; 0.000000; 0.000000
1273734667936494; ACC; -0.114922; 1.953669; 9.844957; 0.000000; 0.000000; 0.000000
1273734677947432; GYRO; -0.042970; 0.189316; 0.130760; 0.000000; 0.000000; 0.000000
1273734687927119; ACC; 0.421380; 2.030283; 9.691729; 0.000000; 0.000000; 0.000000
1273734697938057; GYRO; -0.037402; 0.183242; 0.140970; 0.000000; 0.000000; 0.000000
1273734707948994; ACC; 0.497994; 2.068590; 10.151415; 0.000000; 0.000000; 0.000000
1273734717928682; GYRO; -0.026634; 0.171601; 0.147376; 0.000000; 0.000000; 0.000000
1273734727939619; ACC; 0.574608; 1.877054; 11.070788; 0.000000; 0.000000; 0.000000
1273734737952119; GYRO; -0.011414; 0.154444; 0.149854; 0.000000; 0.000000; 0.000000
1273734747931807; ACC; 0.383072; 1.647211; 12.028469; 0.000000; 0.000000; 0.000000
1273734757942744; GYRO; 0.004555; 0.134513; 0.154479; 0.000000; 0.000000; 0.000000
1273734767953682; ACC; 0.421380; 1.953669; 11.951855; 0.000000; 0.000000; 0.000000
1273734777933369; GYRO; 0.020036; 0.115576; 0.163328; 0.000000; 0.000000; 0.000000
1273734787944307; ACC; 0.574608; 2.298434; 10.917560; 0.000000; 0.000000; 0.000000
1273734797956807; GYRO; 0.037647; 0.102556; 0.174358; 0.000000; 0.000000; 0.000000
1273734807934932; ACC; 0.881066; 2.528277; 10.036493; 0.000000; 0.000000; 0.000000
1273734817945869; GYRO; 0.058643; 0.096639; 0.191166; 0.000000; 0.000000; 0.000000
1273734827925557; ACC; 1.110910; 2.643199; 9.806650; 0.000000; 0.000000; 0.000000
1273734837936494; GYRO; 0.088645; 0.080861; 0.207014; 0.000000; 0.000000; 0.000000
1273734847948994; ACC; 0.804452; 2.375048; 10.840945; 0.000000; 0.000000; 0.000000
1273734857928682; GYRO; 0.122540; 0.052971; 0.210731; 0.000000; 0.000000; 0.000000
1273734867939619; ACC; 0.574608; 2.183512; 12.526464; 0.000000; 0.000000; 0.000000
1273734877950557; GYRO; 0.154357; 0.021886; 0.217276; 0.000000; 0.000000; 0.000000
1273734887930244; ACC; 0.766145; 1.991976; 12.756307; 0.000000; 0.000000; 0.000000
1273734897941182; GYRO; 0.181200; -0.010873; 0.213576; 0.000000; 0.000000; 0.000000
1273734907952119; ACC; 1.302446; 1.493982; 11.951855; 0.000000; 0.000000; 0.000000
1273734917931807; GYRO; 0.199177; -0.043406; 0.199055; 0.000000; 0.000000; 0.000000
1273734927944307; ACC; 1.838747; 0.727837; 11.262324; 0.000000; 0.000000; 0.000000
1273734937955244; GYRO; 0.203977; -0.077562; 0.173730; 0.000000; 0.000000; 0.000000
1273734947934932; ACC; 2.528277; 0.421380; 8.082825; 0.000000; 0.000000; 0.000000
1273734957945869; GYRO; 0.198758; -0.113150; 0.147445; 0.000000; 0.000000; 0.000000
